0.0000000000000000 1.0002963814619847 0.0112663981607755
0.1574803149606299 0.9994829631758900 0.0112332197062947
0.3149606299212598 0.9970490815540202 0.0111461866441573
0.4724409448818898 0.9930137785881630 0.0110418294716661
0.6299212598425197 0.9874085330373031 0.0109769556555844
0.7874015748031495 0.9802768776418057 0.0110201113000878
0.9448818897637795 0.9716738712634491 0.0112369159711725
1.1023622047244095 0.9616654338292770 0.0116718724609614
1.2598425196850394 0.9503275539794765 0.0123343443992761
1.4173228346456692 0.9377453811761274 0.0131961317128768
1.5748031496062991 0.9240122156899367 0.0142005818272071
1.7322834645669292 0.9092284113189339 0.0152765452269711
1.8897637795275590 0.8935002068833988 0.0163509676534244
2.0472440944881889 0.8769385034665610 0.0173581811712784
2.2047244094488190 0.8596576050165456 0.0182469702408023
2.3622047244094486 0.8417739402831381 0.0189872925648047
2.5196850393700787 0.8234047841289053 0.0195782558694528
2.6771653543307088 0.8046669960296229 0.0200582761584167
2.8346456692913384 0.7856757930700717 0.0205169641379116
2.9921259842519685 0.7665435739593562 0.0211051891418157
3.1496062992125982 0.7473788095511350 0.0220345298984625
3.3070866141732282 0.7282850140787507 0.0235539249734547
3.4645669291338583 0.7093598098277392 0.0259004932208249
3.6220472440944880 0.6906940962964156 0.0292457315770021
3.7795275590551181 0.6723713330698683 0.0336702386561395
3.9370078740157481 0.6544669436872589 0.0391762192615906
4.0944881889763778 0.6370478457514186 0.0457173784159950
4.2519685039370074 0.6201721104496167 0.0532245410389015
4.4094488188976380 0.6038887525614753 0.0616201418185738
4.5669291338582676 0.5882376499603612 0.0708242160834730
4.7244094488188972 0.5732495896037119 0.0807560326219438
4.8818897637795278 0.5589464350891594 0.0913340844717407
5.0393700787401574 0.5453414090587207 0.1024757412024351
5.1968503937007871 0.5324394820915149 0.1140970599491864
5.3543307086614176 0.5202378582621520 0.1261128852577610
5.5118110236220472 0.5087265462791486 0.1384372251675769
5.6692913385826769 0.4978890040734683 0.1509838460867250
5.8267716535433074 0.4877028438954067 0.1636670219972736
5.9842519685039370 0.4781405844078193 0.1764023791811538
6.1417322834645667 0.4691704359398983 0.1891077863226644
6.2992125984251963 0.4607571049885888 0.2017042482593397
6.4566929133858268 0.4528626042198948 0.2141167689955681
6.6141732283464565 0.4454470546211530 0.2262751558766834
6.7716535433070861 0.4384694670751016 0.2381147422805024
6.9291338582677167 0.4318884914505561 0.2495770110587414
7.0866141732283463 0.4256631223128640 0.2606101054342442
7.2440944881889759 0.4197533515269409 0.2711692182473309
7.4015748031496065 0.4141207593012587 0.2812168544214744
7.5590551181102361 0.4087290368452315 0.2907229651449466
7.7165354330708658 0.4035444346742101 0.2996649561392434
7.8740157480314963 0.3985361331948011 0.3080275750233875
8.0314960629921259 0.3936765327095155 0.3158026862920461
8.1889763779527556 0.3889414621692092 0.3229889445735981
8.3464566929133852 0.3843103073052485 0.3295913790000406
8.5039370078740149 0.3797660602538876 0.3356209030227970
8.6614173228346463 0.3752952941448333 0.3410937649527491
8.8188976377952759 0.3708880673716243 0.3460309548413798
8.9763779527559056 0.3665377633732811 0.3504575830470648
9.1338582677165352 0.3622408727173873 0.3544022449711171
9.2913385826771648 0.3579967250708498 0.3578963850608328
9.4488188976377945 0.3538071792656665 0.3609736713556456
9.6062992125984259 0.3496762801067420 0.3636693897251143
9.7637795275590555 0.3456098908243115 0.3660198646690357
9.9212598425196852 0.3416153101457038 0.3680619112942047
10.0787401574803148 0.3377008828545492 0.3698323210275739
10.2362204724409445 0.3338756124279135 0.3713673819392675
10.3937007874015741 0.3301487839043402 0.3727024333694994
10.5511811023622037 0.3265296045521763 0.3738714539736549
10.7086614173228352 0.3230268691944677 0.3749066823515492
10.8661417322834648 0.3196486562224748 0.3758382700726521
11.0236220472440944 0.3164020594149078 0.3766939680388420
11.1811023622047241 0.3132929596956865 0.3774988485648076
11.3385826771653537 0.3103258399317724 0.3782750670781213
11.4960629921259834 0.3075036448169356 0.3790416686951569
11.6535433070866148 0.3048276868296335 0.3798144458684594
11.8110236220472444 0.3022975982154094 0.3806058536152925
11.9685039370078741 0.2999113279469942 0.3814249883819509
12.1259842519685037 0.2976651816781026 0.3822776353189018
12.2834645669291334 0.2955539018471610 0.3831663866831749
12.4409448818897630 0.2935707843203928 0.3840908313894210
12.5984251968503926 0.2917078273027619 0.3850478126233315
12.7559055118110241 0.2899559077007157 0.3860317471872189
12.9133858267716537 0.2883049797001533 0.3870349971617391
13.0708661417322833 0.2867442900313842 0.3880482818163810
13.2283464566929130 0.2852626042321038 0.3890611157110463
13.3858267716535426 0.2838484381833383 0.3900622577600102
13.5433070866141723 0.2824902893266107 0.3910401557210169
13.7007874015748037 0.2811768620736679 0.3919833712316472
13.8582677165354333 0.2798972824508867 0.3928809717800756
14.0157480314960630 0.2786349714130265 0.3937267000589870
14.1732283464566926 0.2773994531765191 0.3945001587168756
14.3307086614173222 0.2761632540262377 0.3952052631244318
14.4881889763779519 0.2749252901067631 0.3958321945102523
14.6456692913385833 0.2736793407313128 0.3963766174182298
14.8031496062992129 0.2724204464917663 0.3968359051236293
14.9606299212598426 0.2711449761127982 0.3972091151193156
15.1181102362204722 0.2698505365391662 0.3974969916099979
15.2755905511811019 0.2685361079861693 0.3977017696555601
15.4330708661417315 0.2672018948502980 0.3978271012429211
15.5905511811023612 0.2658492665200602 0.3978778856504149
15.7480314960629926 0.2644807020694075 0.3978600612259356
15.9055118110236222 0.2630995973987988 0.3977804680696659
16.0629921259842519 0.2617102025563356 0.3976466057529202
16.2204724409448815 0.2603174285210898 0.3974664741585499
16.3779527559055111 0.2589267034252289 0.3972483798934649
16.5354330708661408 0.2575438014627362 0.3970007668883972
16.6929133858267704 0.2561746753677400 0.3967320541709548
16.8503937007874001 0.2548252899892797 0.3964504858252924
17.0078740157480297 0.2535014613089047 0.3961639926027949
17.1653543307086629 0.2522087051410759 0.3958800641555614
17.3228346456692925 0.2509520978856279 0.3956056318828559
17.4803149606299222 0.2497361528238217 0.3953469615710970
17.6377952755905518 0.2485647141287280 0.3951095561025365
17.7952755905511815 0.2474408705840017 0.3948980689302014
17.9527559055118111 0.2463668903439952 0.3947162298067808
18.1102362204724407 0.2453441778601637 0.3945667846575027
18.2677165354330704 0.2443732530292951 0.3944514523282335
18.4251968503937000 0.2434537526147423 0.3943709007938127
18.5826771653543297 0.2425844531669922 0.3943247455480224
18.7401574803149593 0.2417633142902709 0.3943115724119035
18.8976377952755890 0.2409875406461640 0.3943289862746354
19.0551181102362186 0.2402536601499772 0.3943736866217115
19.2125984251968518 0.2395576198619046 0.3944415667125604
19.3700787401574814 0.2388948860282607 0.3945278413787625
19.5275590551181111 0.2382605566810447 0.3946271930248322
19.6850393700787407 0.2376494971367989 0.3947339228701250
19.8425196850393704 0.2370564402448882 0.3948421372378009
20.0000000000000000 0.2364761232395687 0.3949459150465671
