0.0000000000000000 0.9999398847251814 0.0018520098316711
0.1574803149606299 0.9990480547120180 0.0018463249722743
0.3149606299212598 0.9963759145300310 0.0019633605891747
0.4724409448818898 0.9919335059099159 0.0025002738314776
0.6299212598425197 0.9857375387315657 0.0035960558776000
0.7874015748031495 0.9778113508290911 0.0051844623001492
0.9448818897637795 0.9681848503655346 0.0071741694266955
1.1023622047244095 0.9568944394803169 0.0094960825697081
1.2598425196850394 0.9439829176192722 0.0120937614606629
1.4173228346456692 0.9294993627196080 0.0149151346238863
1.5748031496062991 0.9134989882496481 0.0179090496103122
1.7322834645669292 0.8960429740038512 0.0210242552003581
1.8897637795275590 0.8771982685334717 0.0242094688615500
2.0472440944881889 0.8570373611568526 0.0274139403824887
2.2047244094488190 0.8356380216425152 0.0305882496157176
2.3622047244094486 0.8130830058935937 0.0336852113607274
2.5196850393700787 0.7894597262811662 0.0366608181698183
2.6771653543307088 0.7648598856728659 0.0394751778721753
2.8346456692913384 0.7393790746753905 0.0420934149202267
2.9921259842519685 0.7131163321469902 0.0444865105819829
3.1496062992125982 0.6861736696288344 0.0466320595293251
3.3070866141732282 0.6586555609806451 0.0485149206566189
3.4645669291338583 0.6306683991733611 0.0501277383241186
3.6220472440944880 0.6023199228758953 0.0514713066091468
3.7795275590551181 0.5737186161593074 0.0525547434563796
3.9370078740157481 0.5449730853151273 0.0533954339946032
4.0944881889763778 0.5161914174293122 0.0540186935705429
4.2519685039370074 0.4874805259545792 0.0544570933603020
4.4094488188976380 0.4589454890669005 0.0547493888052819
4.5669291338582676 0.4306888870628746 0.0549389999384196
4.7244094488188972 0.4028101454411196 0.0550720210006122
4.8818897637795278 0.3754048906013808 0.0551947919382994
5.0393700787401574 0.3485643252803922 0.0553511481025570
5.1968503937007871 0.3223746309160656 0.0555795664175273
5.3543307086614176 0.2969164040859641 0.0559105201673522
5.5118110236220472 0.2722641339990757 0.0563644022694914
5.6692913385826769 0.2484857277308172 0.0569503439943576
5.8267716535433074 0.2256420894817183 0.0576661330478085
5.9842519685039370 0.2037867596142609 0.0584992500229649
6.1417322834645667 0.1829656185863872 0.0594288528888232
6.2992125984251963 0.1632166601629043 0.0604284042401438
6.4566929133858268 0.1445698374581278 0.0614685872151668
6.6141732283464565 0.1270469844573899 0.0625201876627171
6.7716535433070861 0.1106618146959316 0.0635567005312185
6.9291338582677167 0.0954199977569316 0.0645565102440533
7.0866141732283463 0.0813193132031164 0.0655045709580214
7.2440944881889759 0.0683498804961920 0.0663935614156962
7.4015748031496065 0.0564944623688299 0.0672245114658206
7.5590551181102361 0.0457288383269184 0.0680069011540318
7.7165354330708658 0.0360222432373847 0.0687582289710703
7.8740157480314963 0.0273378662520817 0.0695030441825744
8.0314960629921259 0.0196334032375119 0.0702714483633032
8.1889763779527556 0.0128616558558413 0.0710971006893251
8.3464566929133852 0.0069711695394206 0.0720148124235782
8.5039370078740149 0.0019069020965294 0.0730578832917918
8.6614173228346463 -0.0023890857265444 0.0742554014349820
8.8188976377952759 -0.0059769266799947 0.0756297769687453
8.9763779527559056 -0.0089182395324975 0.0771947838277627
9.1338582677165352 -0.0112754267672153 0.0789543325824706
9.2913385826771648 -0.0131109863910469 0.0809020942971461
9.4488188976377945 -0.0144868465089632 0.0830219676381549
9.6062992125984259 -0.0154637308925955 0.0852892631597321
9.7637795275590555 -0.0161005632217538 0.0876723992903780
9.9212598425196852 -0.0164539170090522 0.0901348766982819
10.0787401574803148 -0.0165775174430479 0.0926373159052164
10.2362204724409445 -0.0165218005180981 0.0951393902212808
10.3937007874015741 -0.0163335338747211 0.0976015431095010
10.5511811023622037 -0.0160555027694957 0.0999864314166594
10.7086614173228352 -0.0157262635458523 0.1022600759826877
10.8661417322834648 -0.0153799659051315 0.1043927274015539
11.0236220472440944 -0.0150462441994839 0.1063594691719455
11.1811023622047241 -0.0147501769033068 0.1081405865175689
11.3385826771653537 -0.0145123123861916 0.1097217300615099
11.4960629921259834 -0.0143487581253012 0.1110939018639572
11.6535433070866148 -0.0142713295752947 0.1122532887841690
11.8110236220472444 -0.0142877540743496 0.1132009656946852
11.9685039370078741 -0.0144019244192148 0.1139424892340336
12.1259842519685037 -0.0146141961020260 0.1144874016807912
12.2834645669291334 -0.0149217216765695 0.1148486641199809
12.4409448818897630 -0.0153188153190363 0.1150420381959456
12.5984251968503926 -0.0157973403731583 0.1150854361850877
12.7559055118110241 -0.0163471125245452 0.1149982596208088
12.9133858267716537 -0.0169563112341859 0.1148007469837305
13.0708661417322833 -0.0176118921742788 0.1145133507510216
13.2283464566929130 -0.0182999936461569 0.1141561631184017
13.3858267716535426 -0.0190063303190039 0.1137484077622012
13.5433070866141723 -0.0197165680495424 0.1133080119813597
13.7007874015748037 -0.0204166742203338 0.1128512694987995
13.8582677165354333 -0.0210932384616885 0.1123925992371935
14.0157480314960630 -0.0217404362372567 0.1119452301236394
14.1732283464566926 -0.0223268953854990 0.1115169951724028
14.3307086614173222 -0.0228626715618091 0.1111186575347413
14.4881889763779519 -0.0233326499336219 0.1107556984963628
14.6456692913385833 -0.0237300527217543 0.1104326057839480
14.8031496062992129 -0.0240498440260214 0.1101522110661363
14.9606299212598426 -0.0242887423766651 0.1099158672047330
15.1181102362204722 -0.0244453253880064 0.1097236424087488
15.2755905511811019 -0.0245198265337742 0.1095744655223326
15.4330708661417315 -0.0245141653984760 0.1094662889667271
15.5905511811023612 -0.0244318235657399 0.1093962145769622
15.7480314960629926 -0.0242776563857339 0.1093605913907762
15.9055118110236222 -0.0240578152926599 0.1093551232029452
16.0629921259842519 -0.0237794783839456 0.1093749346111330
16.2204724409448815 -0.0234507009906336 0.1094146603388408
16.3779527559055111 -0.0230801867458431 0.1094685260820091
16.5354330708661408 -0.0226770778277036 0.1095304439879455
16.6929133858267704 -0.0222507380425332 0.1095941202714156
16.8503937007874001 -0.0218105408718447 0.1096531774340130
17.0078740157480297 -0.0213656662364603 0.1097012896025777
17.1653543307086629 -0.0209249092255776 0.1097323272837689
17.3228346456692925 -0.0204965054244513 0.1097405064486342
17.4803149606299222 -0.0200879752501458 0.1097205353733098
17.6377952755905518 -0.0197059902046290 0.1096677523629603
17.7952755905511815 -0.0193562630395412 0.1095782475547629
17.9527559055118111 -0.0190434634143981 0.1094489627346873
18.1102362204724407 -0.0187711596586948 0.1092777641907978
18.2677165354330704 -0.0185417872715899 0.1090634852389091
18.4251968503937000 -0.0183566436009415 0.1088059366138903
18.5826771653543297 -0.0182159079508259 0.1085058847278272
18.7401574803149593 -0.0181186857279517 0.1081649994439706
18.8976377952755890 -0.0180630747796206 0.1077857745222479
19.0551181102362186 -0.0180462522292026 0.1073714252394495
19.2125984251968518 -0.0180645751324454 0.1069257678453970
19.3700787401574814 -0.0181137035816990 0.1064530887066091
19.5275590551181111 -0.0181887312804095 0.1059580072778127
19.6850393700787407 -0.0182843062853662 0.1054453363900262
19.8425196850393704 -0.0183947967701465 0.1049199551613057
20.0000000000000000 -0.0185144194655524 0.1043866856242360
