0.0000000000000000 0.9999983108366804 0.0022543369550994
0.1574803149606299 0.9990580462578657 0.0022611316958111
0.3149606299212598 0.9962430599798040 0.0023862096315613
0.4724409448818898 0.9915707194200185 0.0028721502564988
0.6299212598425197 0.9850697877321627 0.0038738199947931
0.7874015748031495 0.9767801522585062 0.0053659987826176
0.9448818897637795 0.9667524488633603 0.0072647774829766
1.1023622047244095 0.9550475865742174 0.0094951149440658
1.2598425196850394 0.9417361781186679 0.0119940714439544
1.4173228346456692 0.9268978830311254 0.0147044309402225
1.5748031496062991 0.9106206709994019 0.0175709470087721
1.7322834645669292 0.8930000140142217 0.0205389383883845
1.8897637795275590 0.8741380166631156 0.0235541364956974
2.0472440944881889 0.8541424945641464 0.0265631588602330
2.2047244094488190 0.8331260114560688 0.0295142999091708
2.3622047244094486 0.8112048858442288 0.0323584858407262
2.5196850393700787 0.7884981783411034 0.0350503139737654
2.6771653543307088 0.7651266709352085 0.0375491335814326
2.8346456692913384 0.7412118493720267 0.0398201451501405
2.9921259842519685 0.7168748996376878 0.0418355071104242
3.1496062992125982 0.6922357292046986 0.0435754469233017
3.3070866141732282 0.6674120232348651 0.0450293777649536
3.4645669291338583 0.6425183453458572 0.0461970217685457
3.6220472440944880 0.6176652918441020 0.0470895327196813
3.7795275590551181 0.5929587075189363 0.0477305897808962
3.9370078740157481 0.5684989701939998 0.0481573912298102
4.0944881889763778 0.5443803502550326 0.0484214039270583
4.2519685039370074 0.5206904503333804 0.0485886141508733
4.4094488188976380 0.4975097292369270 0.0487388871282681
4.5669291338582676 0.4749111131004549 0.0489639192397924
4.7244094488188972 0.4529596955918667 0.0493632566835451
4.8818897637795278 0.4317125278750332 0.0500381020803861
5.0393700787401574 0.4112184979101472 0.0510832424124844
5.1968503937007871 0.3915182975835054 0.0525783075522698
5.3543307086614176 0.3726444751151997 0.0545802857273279
5.5118110236220472 0.3546215692088485 0.0571192168049924
5.6692913385826769 0.3374663204946574 0.0601980445384818
5.8267716535433074 0.3211879549871050 0.0637961989082290
5.9842519685039370 0.3057885335409988 0.0678754140383418
6.1417322834645667 0.2912633606528565 0.0723860485462540
6.2992125984251963 0.2776014454250712 0.0772726262257829
6.4566929133858268 0.2647860070928945 0.0824779962707404
6.6141732283464565 0.2527950172120154 0.0879460586278193
6.7716535433070861 0.2416017704187710 0.0936232924873848
6.9291338582677167 0.2311754756051916 0.0994594124854022
7.0866141732283463 0.2214818593951401 0.1054074514828814
7.2440944881889759 0.2124837739617791 0.1114235035530830
7.4015748031496065 0.2041418014496743 0.1174662947565269
7.5590551181102361 0.1964148478706265 0.1234966965178785
7.7165354330708658 0.1892607190387365 0.1294772586266107
7.8740157480314963 0.1826366728888035 0.1353718126653619
8.0314960629921259 0.1764999418644526 0.1411451787312595
8.1889763779527556 0.1708082204726743 0.1467629951297675
8.3464566929133852 0.1655201135534236 0.1521916805877336
8.5039370078740149 0.1605955415884487 0.1573985301477180
8.6614173228346463 0.1559961001366696 0.1623519387309671
8.8188976377952759 0.1516853712578804 0.1670217401715810
8.9763779527559056 0.1476291855605230 0.1713796442936567
9.1338582677165352 0.1437958342709841 0.1753997503544110
9.2913385826771648 0.1401562314604879 0.1790591119336149
9.4488188976377945 0.1366840272706467 0.1823383261019624
9.6062992125984259 0.1333556736407711 0.1852221183948032
9.7637795275590555 0.1301504446506097 0.1876998946659288
9.9212598425196852 0.1270504141438314 0.1897662311954958
10.0787401574803148 0.1240403937841720 0.1914212753786257
10.2362204724409445 0.1211078351126647 0.1926710308567158
10.3937007874015741 0.1182426995172099 0.1935275030522028
10.5511811023622037 0.1154373002923335 0.1940086837795083
10.7086614173228352 0.1126861211565345 0.1941383570645467
10.8661417322834648 0.1099856157070662 0.1939457127361543
11.0236220472440944 0.1073339923289747 0.1934647600554110
11.1811023622047241 0.1047309890392309 0.1927335409615883
11.3385826771653537 0.1021776426415928 0.1917931517373188
11.4960629921259834 0.0996760563981173 0.1906865931758221
11.6535433070866148 0.0972291701945020 0.1894574825026428
11.8110236220472444 0.0948405368951616 0.1881486747132964
11.9685039370078741 0.0925141082568776 0.1868008553685139
12.1259842519685037 0.0902540334046369 0.1854511793283816
12.2834645669291334 0.0880644724775168 0.1841320380110224
12.4409448818897630 0.0859494276342714 0.1828700390497305
12.5984251968503926 0.0839125931755820 0.1816852747293830
12.7559055118110241 0.0819572261007353 0.1805909385315971
12.9133858267716537 0.0800860379785284 0.1795933234379567
13.0708661417322833 0.0783011085828088 0.1786922040921463
13.2283464566929130 0.0766038213292474 0.1778815716908415
13.3858267716535426 0.0749948201519590 0.1771506602945586
13.5433070866141723 0.0734739871368324 0.1764851803115013
13.7007874015748037 0.0720404397687575 0.1758686619683047
13.8582677165354333 0.0706925465858322 0.1752838093435978
14.0157480314960630 0.0694207911794564 0.1747148760742291
14.1732283464566926 0.0682436608930193 0.1741432645458381
14.3307086614173222 0.0671360242696466 0.1735594536368466
14.4881889763779519 0.0661008847741622 0.1729526128078321
14.6456692913385833 0.0651336191394102 0.1723164905270539
14.8031496062992129 0.0642292318051472 0.1716484153661745
14.9606299212598426 0.0633824736084075 0.1709491432603895
15.1181102362204722 0.0625878194933417 0.1702225055525981
15.2755905511811019 0.0618397349399938 0.1694748288127734
15.4330708661417315 0.0611326508349902 0.1687142675674745
15.5905511811023612 0.0604610658710211 0.1679500370007909
15.7480314960629926 0.0598196781386374 0.1671916125362834
15.9055118110236222 0.0592033717291939 0.1664479919779883
16.0629921259842519 0.0586073708698349 0.1657270027506214
16.2204724409448815 0.0580272468656413 0.1650347680682913
16.3779527559055111 0.0574589860776429 0.1643753195304466
16.5354330708661408 0.0568990226024411 0.1637503976954384
16.6929133858267704 0.0563442672562961 0.1631594388616159
16.8503937007874001 0.0557921251923419 0.1625997398696414
17.0078740157480297 0.0552405029758691 0.1620667770718254
17.1653543307086629 0.0546878063030116 0.1615546444877793
17.3228346456692925 0.0541329278856770 0.1610565692307338
17.4803149606299222 0.0535752269720139 0.1605654587531729
17.6377952755905518 0.0530145010615596 0.1600744356969406
17.7952755905511815 0.0524509508491539 0.1595773206468541
17.9527559055118111 0.0518851393437128 0.1590690304641047
18.1102362204724407 0.0513179465541687 0.1585458688894460
18.2677165354330704 0.0507505205403897 0.1580056961556527
18.4251968503937000 0.0501842262635319 0.1574479740943218
18.5826771653543297 0.0496205932872280 0.1568736925131217
18.7401574803149593 0.0490612634682768 0.1562851906308723
18.8976377952755890 0.0485079397039354 0.1556858938782228
19.0551181102362186 0.0479623361141554 0.1550799912242569
19.2125984251968518 0.0474261349124516 0.1544720800949307
19.3700787401574814 0.0469009383727371 0.1538668096803542
19.5275590551181111 0.0463882292928334 0.1532685476268918
19.6850393700787407 0.0458893555732753 0.1526810913169442
19.8425196850393704 0.0454054768575462 0.1521074539488906
20.0000000000000000 0.0449375583558647 0.1515497226844384
