0.0000000000010000 902127936.0000000000000000 5795391314.3474121093750000 1683606528.0000000000000000
0.0000000000012207 749093888.0000000000000000 4785466666.0519018173217773 1392753920.0000000000000000
0.0000000000014901 622104768.0000000000000000 3951748567.2635102272033691 1152318080.0000000000000000
0.0000000000018190 516715040.0000000000000000 3263460327.9919986724853516 953536320.0000000000000000
0.0000000000022205 429240288.0000000000000000 2695206683.5233454704284668 789172224.0000000000000000
0.0000000000027106 356625728.0000000000000000 2226030306.7821040153503418 653249728.0000000000000000
0.0000000000033089 296339264.0000000000000000 1838636957.5389120578765869 540831552.0000000000000000
0.0000000000040392 246281280.0000000000000000 1518754323.3149695396423340 447840928.0000000000000000
0.0000000000049308 204710768.0000000000000000 1254603251.8068370819091797 370909312.0000000000000000
0.0000000000060190 170183888.0000000000000000 1036461888.2188066244125366 307253440.0000000000000000
0.0000000000073475 141503152.0000000000000000 856306250.7672184705734253 254574560.0000000000000000
0.0000000000089692 117675272.0000000000000000 707513039.6640987396240234 210972480.0000000000000000
0.0000000000109489 97876256.0000000000000000 584615398.3601711988449097 174877072.0000000000000000
0.0000000000133655 81422408.0000000000000000 483100317.1391597986221313 144990608.0000000000000000
0.0000000000163154 67746464.0000000000000000 399242311.1963717341423035 120240536.0000000000000000
0.0000000000199165 56377684.0000000000000000 329965790.9600723385810852 99740152.0000000000000000
0.0000000000243123 46925316.0000000000000000 272731499.4896373152732849 82756384.0000000000000000
0.0000000000296784 39065052.0000000000000000 225443002.8866812288761139 68682992.0000000000000000
0.0000000000362289 32527630.0000000000000000 186369251.4103705585002899 57018764.0000000000000000
0.0000000000442251 27089514.0000000000000000 154080951.3025557398796082 47349040.0000000000000000
0.0000000000539863 22565064.0000000000000000 127397798.5623263120651245 39330948.0000000000000000
0.0000000000659019 18800108.0000000000000000 105345100.5053351223468781 32680728.0000000000000000
0.0000000000804474 15666589.0000000000000000 87117897.3596693128347397 27163608.0000000000000000
0.0000000000982033 13058128.0000000000000000 72051388.4258443266153336 22585342.0000000000000000
0.0000000001198782 10886334.0000000000000000 59596465.7397034764289856 18785098.0000000000000000
0.0000000001463371 9077763.0000000000000000 49299584.2793177068233490 15629788.0000000000000000
0.0000000001786358 7571371.0000000000000000 40786082.7260050699114799 13009172.0000000000000000
0.0000000002180633 6316418.0000000000000000 33746455.5841873213648796 10831986.0000000000000000
0.0000000002661931 5270721.0000000000000000 27925007.0170572996139526 9022618.0000000000000000
0.0000000003249459 4399206.0000000000000000 23110478.4164536781609058 7518448.0000000000000000
0.0000000003966662 3672704.5000000000000000 19128318.0966413132846355 6267565.5000000000000000
0.0000000004842163 3066955.2500000000000000 15834286.5447074603289366 5226962.0000000000000000
0.0000000005910899 2561775.5000000000000000 13109191.2738426849246025 4360975.0000000000000000
0.0000000007215521 2140372.7500000000000000 10854523.4779288936406374 3640035.7500000000000000
0.0000000008808093 1788771.7500000000000000 8988868.5986067373305559 3039623.2500000000000000
0.0000000010752169 1495340.8750000000000000 7444931.1241718577221036 2539388.0000000000000000
0.0000000013125330 1250397.0000000000000000 6167082.1210098490118980 2122453.7500000000000000
0.0000000016022283 1045877.4375000000000000 5109334.1919351872056723 1774800.0000000000000000
0.0000000019558637 875067.4375000000000000 4233666.4746803790330887 1484795.6250000000000000
0.0000000023875515 732374.1875000000000000 3508641.5489050974138081 1242774.6250000000000000
0.0000000029145193 613137.9375000000000000 2908263.2305481112562120 1040709.6875000000000000
0.0000000035577965 513475.7812500000000000 2411033.6871128096245229 871927.2500000000000000
0.0000000043430545 430151.5625000000000000 1999172.1857554402668029 730881.3750000000000000
0.0000000053016304 360467.2187500000000000 1657971.5886133287567645 612958.4375000000000000
0.0000000064717782 302173.3125000000000000 1375265.6923446964938194 514320.9687500000000000
0.0000000079001947 253393.6250000000000000 1140989.4619496923405677 431775.4687500000000000
0.0000000096438838 212563.1250000000000000 946814.5979724013013765 362662.7500000000000000
0.0000000117724307 178375.9062500000000000 785849.8779507376020774 304768.2187500000000000
0.0000000143707791 149742.1875000000000000 652391.9940163568826392 256246.9843750000000000
0.0000000175426213 125752.1250000000000000 541720.3805424829479307 215560.6875000000000000
0.0000000214145356 105646.1093750000000000 449927.4624221441335976 181427.3593750000000000
0.0000000261410384 88789.6718750000000000 373778.2088801328791305 152776.7031250000000000
0.0000000319107497 74652.7656250000000000 310593.8806260303244926 128715.7109375000000000
0.0000000389539212 62792.5625000000000000 258156.4718054136610590 108499.0390625000000000
0.0000000475516241 52838.8476562500000000 214628.7165870366734453 91503.5703125000000000
0.0000000580469663 44482.1171875000000000 178488.8243108101887628 77208.6875000000000000
0.0000000708587849 37463.5546875000000000 148476.0846156130428426 65179.2578125000000000
0.0000000864983601 31566.6445312500000000 123545.8151840195059776 55050.9453125000000000
0.0000001055898194 26610.2109375000000000 102832.3157983321143547 46519.0390625000000000
0.0000001288950444 22442.6152343750000000 85618.0629254578816472 39328.2812500000000000
0.0000001573440750 18936.8925781250000000 71308.1800284251658013 33264.7539062500000000
0.0000001920722248 15986.7099609375000000 59409.4961732916563051 28149.2402343750000000
0.0000002344653876 13502.9863281250000000 49512.9816341169425868 23831.3789062500000000
0.0000002862153445 11411.0673828125000000 41279.4022025939411833 20184.9960937500000000
0.0000003493872775 9648.3681640625000000 34427.3212613206414972 17104.2050781250000000
0.0000004265021844 8162.4121093750000000 28723.2137721380604489 14500.0087890625000000
0.0000005206374847 6909.1694335937500000 23973.2718113647897553 12297.6445312500000000
0.0000006355498291 5851.7011718750000000 20016.6121282518943190 10434.2343750000000000
0.0000007758250169 4958.9951171875000000 16719.6621982773431228 8856.8906250000000000
0.0000009470610001 4205.0097656250000000 13971.4869909784247284 7521.0893554687500000
0.0000011560912814 3567.8693847656250000 11679.9407538771865802 6389.3359375000000000
0.0000014112576178 3029.1896972656250000 9768.4582343327729177 5430.0400390625000000
0.0000017227429148 2573.5166015625000000 8173.4152242384952842 4616.5654296875000000
0.0000021029775945 2187.8525390625000000 6841.9179334302098141 3926.4560546875000000
0.0000025671356563 1861.2626953125000000 5729.9832719990799887 3340.7492675781250000
0.0000031337402239 1584.5429687500000000 4801.0332581505799681 2843.4531250000000000
0.0000038254027466 1349.9439697265625000 4024.6330588124860697 2421.0446777343750000
0.0000046697253533 1150.9379882812500000 3375.4573821348508318 2062.1044921875000000
0.0000057004023679 982.0237426757812500 2832.4212605564816840 1756.9736328125000000
0.0000069585649471 838.5631103515625000 2377.9693213551649933 1497.4854736328125000
0.0000084944224983 716.6443481445312500 1997.4769153359486609 1276.7282714843750000
0.0000103692663829 612.9662475585937500 1678.7587558944194370 1088.8507080078125000
0.0000126579158667 524.7418212890625000 1411.6573723600936319 928.8947753906250000
0.0000154517039269 449.6177062988281250 1187.7044942898512545 792.6616210937500000
0.0000188621220713 385.6044311523437500 999.8350004437000962 676.5914306640625000
0.0000230252696218 331.0209045410156250 842.1552174098445676 577.6645507812500000
0.0000281072850208 284.4443664550781250 709.7439394510923876 493.3200378417968750
0.0000343109759068 244.6711883544921875 598.4934602125864558 421.3832702636718750
0.0000418839125446 210.6820526123046875 504.9696445963460860 360.0086669921875000
0.0000511283075948 181.6138916015625000 426.3052556477361463 307.6279907226562500
0.0000624130764940 156.7343750000000000 360.1011776672342535 262.9088745117187500
0.0000761885597370 135.4229278564453125 304.3516225920151896 224.7186279296875000
0.0000930044945848 117.1530151367187500 257.3774827595398733 192.0939483642578125
0.0001135319533908 101.4772033691406250 217.7737192491864278 164.2153472900390625
0.0001385901240393 88.0158309936523438 184.3629051200525737 140.3855133056640625
0.0001691790012203 76.4458999633789062 156.1587707848722175 120.0106658935546875
0.0002065192931480 66.4926986694335938 132.3346638341753589 102.5850601196289062
0.0002521011362799 57.9223709106445312 112.1963818442359582 87.6778869628906250
0.0003077435620898 50.5360794067382812 95.1623313065882854 74.9219741821289062
0.0003756670890312 44.1640853881835938 80.7434083222502181 64.0042114257812500
0.0004585823366143 38.6614112854003906 68.5301573202469427 54.6576194763183594
0.0005597981979123 33.9050102233886719 58.1761634240308041 46.6542358398437500
0.0006833538873292 29.7895088195800781 49.3928732951376475 39.7996788024902344
0.0008341801332506 26.2245235443115234 41.9349669488520860 33.9278678894042969
0.0010182959482819 23.1330204010009766 35.5985104489793542 28.8970470428466797
0.0012430488295695 20.4493083953857422 30.2094261598492366 24.5858554840087891
0.0015174079748635 18.1173744201660156 25.6234915761022961 20.8908882141113281
0.0018523222156741 16.0878219604492188 21.7176094454658468 17.7234325408935547
0.0022611569515367 14.3199768066406250 18.3887900659184922 15.0079202651977539
0.0027602275220903 12.7776966094970703 15.5498058257549712 12.6794109344482422
0.0033694503022122 11.4304647445678711 13.1291003087671587 10.6827363967895508
0.0041131375034186 10.2520570755004883 11.0644044088917219 8.9702482223510742
0.0050209673996145 9.2195396423339844 9.3051249193794057 7.5019383430480957
0.0061291686959257 8.3135881423950195 7.8095218044808536 6.2428717613220215
0.0074819663051388 7.5165977478027344 6.5419810150059590 5.1643624305725098
0.0091333462282486 6.8142790794372559 5.4746683758251251 4.2411742210388184
0.0111492099700809 6.1936626434326172 4.5847823728823256 3.4537124633789062
0.0136100044661055 5.6437745094299316 3.8527096432366945 2.7845349311828613
0.0166139324727479 5.1542706489562988 3.2651076693636987 2.2225110530853271
0.0202808715380246 4.7171983718872070 2.8062545196447415 1.7584735155105591
0.0247571579465934 4.3238024711608887 2.4640870825179415 1.3915507793426514
0.0302214265517837 3.9679298400878906 2.2185082877060371 1.1233797073364258
0.0368917395443824 3.6426875591278076 2.0508060328180817 0.9595621824264526
0.0450342886454584 3.3436853885650635 1.9381023526771228 0.8935567140579224
0.0549740180010374 3.0639116764068604 1.8604407489871753 0.9006525278091431
0.0671075917057515 2.7997879981994629 1.7975272599236671 0.9444223642349243
0.0819192234495369 2.5457553863525391 1.7340356840360824 0.9920592904090881
0.1000000000000000 2.2983663082122803 1.6577693163890681 1.0241695642471313
0.1001000000000000 2.2972085475921631 1.6570396982619131 1.0242550373077393
0.1071858267716457 2.2128758430480957 1.6258469894870546 1.0278178453445435
0.1142716535432913 2.1344070434570312 1.5934110350263340 1.0279619693756104
0.1213574803149370 2.0606322288513184 1.5600392066301754 1.0250347852706909
0.1284433070865827 1.9915119409561157 1.5258222146726588 1.0187889337539673
0.1355291338582283 1.9250651597976685 1.4908949820060948 1.0101122856140137
0.1426149606298740 1.8624026775360107 1.4555629612788312 0.9982607364654541
0.1497007874015197 1.8031289577484131 1.4195546526569145 0.9848605394363403
0.1567866141731654 1.7458622455596924 1.3831709068445996 0.9695534110069275
0.1638724409448110 1.6916182041168213 1.3461743126384333 0.9525601863861084
0.1709582677164567 1.6391949653625488 1.3080563871104331 0.9342092871665955
0.1780440944881024 1.5890005826950073 1.2711969644079024 0.9147598743438721
0.1851299212597480 1.5404391288757324 1.2334366232182465 0.8938903808593750
0.1922157480313937 1.4939271211624146 1.1959573613397769 0.8726044297218323
0.1993015748030394 1.4493846893310547 1.1581885534513743 0.8501906991004944
0.2063874015746850 1.4059947729110718 1.1209430320218943 0.8273609876632690
0.2134732283463307 1.3640505075454712 1.0840996411583677 0.8044894933700562
0.2205590551179764 1.3234302997589111 1.0470338009472444 0.7808739542961121
0.2276448818896221 1.2843847274780273 1.0111491958601213 0.7567624449729919
0.2347307086612677 1.2462186813354492 0.9748594463579288 0.7329624891281128
0.2418165354329134 1.2093292474746704 0.9398159730865965 0.7085230350494385
0.2489023622045591 1.1741701364517212 0.9040076312552500 0.6843446493148804
0.2559881889762047 1.1392732858657837 0.8699202014242237 0.6603170037269592
0.2630740157478504 1.1059043407440186 0.8359357633055169 0.6366677880287170
0.2701598425194961 1.0732976198196411 0.8029810105083529 0.6126964688301086
0.2772456692911417 1.0421733856201172 0.7702603401493371 0.5891199707984924
0.2843314960627874 1.0115309953689575 0.7378080473892684 0.5654207468032837
0.2914173228344331 0.9818130135536194 0.7066169931064402 0.5428020954132080
0.2985031496060788 0.9529439210891724 0.6766531648337671 0.5205794572830200
0.3055889763777244 0.9246523976325989 0.6470706383342213 0.4974148273468018
0.3126748031493701 0.8973647952079773 0.6176380880654865 0.4759849309921265
0.3197606299210158 0.8719101548194885 0.5891228346764756 0.4535197019577026
0.3268464566926614 0.8453980088233948 0.5625090701999838 0.4324515759944916
0.3339322834643071 0.8208464384078979 0.5350166855967592 0.4115268886089325
0.3410181102359528 0.7969919443130493 0.5097218232511059 0.3912788629531860
0.3481039370075985 0.7728200554847717 0.4848611910108720 0.3720921576023102
0.3551897637792442 0.7503414750099182 0.4597896215354337 0.3529901802539825
0.3622755905508898 0.7283128499984741 0.4367682096859858 0.3338934779167175
0.3693614173225355 0.7068967223167419 0.4139749508804232 0.3153644800186157
0.3764472440941812 0.6857387423515320 0.3923096154737087 0.2983839511871338
0.3835330708658268 0.6654310226440430 0.3712170917616828 0.2809672653675079
0.3906188976374725 0.6455261707305908 0.3513461866360394 0.2650443911552429
0.3977047244091181 0.6261718869209290 0.3319822055406788 0.2505650222301483
0.4047905511807638 0.6079160571098328 0.3131627223783628 0.2352419644594193
0.4118763779524095 0.5901409387588501 0.2956570913914432 0.2189296633005142
0.4189622047240552 0.5721884369850159 0.2789652289005212 0.2064086198806763
0.4260480314957009 0.5548905134201050 0.2629068802503990 0.1932223439216614
0.4331338582673465 0.5388684868812561 0.2478363541086148 0.1797423362731934
0.4402196850389922 0.5223155021667480 0.2335754073095673 0.1702667623758316
0.4473055118106379 0.5064912438392639 0.2200313931508764 0.1584534794092178
0.4543913385822835 0.4919832646846771 0.2077502254252640 0.1472529768943787
0.4614771653539292 0.4768351614475250 0.1960383033327067 0.1381745040416718
0.4685629921255748 0.4625618159770966 0.1852495559107389 0.1310244798660278
0.4756488188972205 0.4486721158027649 0.1753454729908680 0.1224478632211685
0.4827346456688662 0.4352287352085114 0.1668698150016588 0.1160633787512779
0.4898204724405119 0.4220567047595978 0.1590855523770471 0.1062900200486183
0.4969062992121576 0.4095485508441925 0.1524199535473969 0.1030253842473030
0.5039921259838032 0.3968904018402100 0.1465068397783153 0.1016278937458992
0.5110779527554489 0.3851735889911652 0.1423810551103671 0.0971420556306839
0.5181637795270946 0.3735050261020660 0.1378715128645399 0.0979505553841591
0.5252496062987402 0.3622644543647766 0.1363134590258095 0.0916224196553230
0.5323354330703859 0.3510172665119171 0.1339955267934955 0.0896701589226723
0.5394212598420315 0.3407798111438751 0.1336573581666722 0.0891027599573135
0.5465070866136772 0.3301104009151459 0.1331070876493405 0.0949121192097664
0.5535929133853229 0.3202656209468842 0.1338247386223037 0.0928062200546265
0.5606787401569685 0.3108373284339905 0.1358373579354517 0.0931082069873810
0.5677645669286142 0.3008129298686981 0.1356242156405246 0.0969922468066216
0.5748503937002599 0.2917488813400269 0.1378544674243176 0.0968135520815849
0.5819362204719055 0.2829706072807312 0.1400838106723623 0.0974116921424866
0.5890220472435512 0.2741128504276276 0.1418744240999996 0.1008795425295830
0.5961078740151969 0.2660012841224670 0.1452612717682982 0.1034375727176666
0.6031937007868425 0.2579893767833710 0.1469215984432704 0.1051836088299751
0.6102795275584882 0.2494812607765198 0.1487765995170782 0.1078140363097191
0.6173653543301338 0.2421428561210632 0.1510329431259884 0.1082016453146935
0.6244511811017796 0.2348226755857468 0.1537245006431727 0.1087263822555542
0.6315370078734253 0.2274415343999863 0.1551625089356997 0.1127869337797165
0.6386228346450709 0.2198375612497330 0.1566733165939235 0.1139428317546844
0.6457086614167166 0.2132754921913147 0.1580128016751625 0.1164761409163475
0.6527944881883623 0.2064938694238663 0.1591969677663659 0.1176829263567924
0.6598803149600079 0.2002578526735306 0.1609482720573248 0.1210707277059555
0.6669661417316536 0.1938132643699646 0.1614478455440390 0.1210999414324760
0.6740519685032993 0.1875381916761398 0.1620165039964933 0.1196296140551567
0.6811377952749449 0.1817141473293304 0.1627297953269153 0.1236828714609146
0.6882236220465906 0.1757716983556747 0.1622207247759478 0.1243627816438675
0.6953094488182362 0.1702556908130646 0.1628182692136913 0.1244634836912155
0.7023952755898819 0.1648764908313751 0.1628303686382607 0.1260610967874527
0.7094811023615276 0.1594026535749435 0.1619888368720449 0.1236959546804428
0.7165669291331732 0.1545001715421677 0.1619328635448112 0.1248022317886353
0.7236527559048189 0.1489739716053009 0.1606406690182760 0.1267638504505157
0.7307385826764646 0.1439535170793533 0.1589938393032819 0.1274511516094208
0.7378244094481102 0.1392360180616379 0.1582591231070017 0.1258113980293274
0.7449102362197559 0.1343077868223190 0.1561925366565547 0.1260612905025482
0.7519960629914016 0.1296586543321609 0.1548281561869332 0.1266625970602036
0.7590818897630472 0.1255363672971725 0.1529653027403665 0.1259024590253830
0.7661677165346930 0.1211113035678864 0.1511257169242843 0.1247391924262047
0.7732535433063387 0.1166597306728363 0.1490591126830631 0.1270297020673752
0.7803393700779843 0.1125333383679390 0.1467774118309186 0.1249321103096008
0.7874251968496300 0.1085971519351006 0.1449049010734699 0.1260392069816589
0.7945110236212757 0.1041951552033424 0.1423910647489184 0.1267083436250687
0.8015968503929213 0.1004677712917328 0.1401493409137715 0.1245365887880325
0.8086826771645670 0.0963386595249176 0.1371056629677263 0.1228265613317490
0.8157685039362126 0.0929315611720085 0.1354532947296098 0.1203229799866676
0.8228543307078583 0.0891339853405952 0.1326551690621185 0.1207568198442459
0.8299401574795040 0.0852540433406830 0.1297996059047541 0.1185097768902779
0.8370259842511496 0.0817843154072762 0.1281017699568364 0.1197104081511497
0.8441118110227953 0.0784111917018890 0.1261137443108868 0.1184540390968323
0.8511976377944410 0.0746847242116928 0.1229206068869284 0.1154249235987663
0.8582834645660866 0.0715468227863312 0.1211086452389356 0.1174064576625824
0.8653692913377323 0.0680096745491028 0.1190373605124849 0.1144561171531677
0.8724551181093780 0.0648680999875069 0.1173097411405876 0.1119398102164268
0.8795409448810236 0.0616852417588234 0.1152080854580777 0.1107625365257263
0.8866267716526693 0.0582847073674202 0.1120843613591033 0.1093685850501060
0.8937125984243151 0.0547767728567123 0.1095180130074188 0.1057189777493477
0.9007984251959607 0.0519816949963570 0.1073696871092685 0.1052091717720032
0.9078842519676064 0.0488398596644402 0.1047964946942150 0.1035194844007492
0.9149700787392521 0.0455295853316784 0.1027646669884347 0.1057917922735214
0.9220559055108977 0.0421831086277962 0.0982993790925840 0.1003642082214355
0.9291417322825434 0.0392693616449833 0.0959761055364561 0.0961220785975456
0.9362275590541891 0.0360567308962345 0.0920832264387388 0.0957103371620178
0.9433133858258347 0.0330596901476383 0.0889293257352125 0.0948395580053329
0.9503992125974804 0.0296115539968014 0.0836262334654182 0.0907006412744522
0.9574850393691260 0.0263449214398861 0.0792486140351979 0.0899269953370094
0.9645708661407717 0.0233879256993532 0.0750720881345579 0.0836873352527618
0.9716566929124174 0.0201100595295429 0.0698211159041593 0.0725413188338280
0.9787425196840630 0.0166167486459017 0.0645115479266812 0.0691998302936554
0.9858283464557087 0.0132103553041816 0.0582357204933770 0.0575217232108116
0.9929141732273544 0.0091448631137609 0.0502277630577228 0.0519786924123764
0.9999999999990000 0.0001770435192157 0.0130295918074444 0.0316247716546059
