0.0000000000010000 20142440.0000000000000000 799265788.3790012598037720 25269028.0000000000000000
0.0000000000012207 16651665.0000000000000000 660158553.8940849304199219 20873868.0000000000000000
0.0000000000014901 13766291.0000000000000000 545263877.9328342676162720 17243208.0000000000000000
0.0000000000018190 11381257.0000000000000000 450367099.4802282452583313 14244071.0000000000000000
0.0000000000022205 9409752.0000000000000000 371987411.4339089989662170 11766603.0000000000000000
0.0000000000027106 7780030.0000000000000000 307249704.8318982720375061 9720065.0000000000000000
0.0000000000033089 6432798.5000000000000000 253779421.5209538042545319 8029493.5000000000000000
0.0000000000040392 5319060.0000000000000000 209615394.3662648499011993 6632972.5000000000000000
0.0000000000049308 4398318.5000000000000000 173137786.6376357972621918 5479354.0000000000000000
0.0000000000060190 3637103.7500000000000000 143008715.6959245204925537 4526386.5000000000000000
0.0000000000073475 3007757.7500000000000000 118123230.9110637307167053 3739170.2500000000000000
0.0000000000089692 2487417.2500000000000000 97568641.2755534946918488 3088872.2500000000000000
0.0000000000109489 2057187.7500000000000000 80591189.7036166787147522 2551679.0000000000000000
0.0000000000133655 1701449.8750000000000000 66568268.2415810599923134 2107916.7500000000000000
0.0000000000163154 1407295.0000000000000000 54985670.0464737266302109 1741335.1250000000000000
0.0000000000199165 1164053.2500000000000000 45418679.5443022623658180 1438509.7500000000000000
0.0000000000243123 962903.9375000000000000 37516496.3514905422925949 1188351.1250000000000000
0.0000000000296784 796555.8750000000000000 30989389.5044337436556816 981699.1250000000000000
0.0000000000362289 658982.1250000000000000 25598047.8756071478128433 810986.6875000000000000
0.0000000000442251 545200.5000000000000000 21144822.3134106546640396 669963.1875000000000000
0.0000000000539863 451091.7187500000000000 17466449.9098351486027241 553464.8125000000000000
0.0000000000659019 373250.5937500000000000 14428093.2370282560586929 457226.3437500000000000
0.0000000000804474 308861.8125000000000000 11918374.6391965709626675 377723.9062500000000000
0.0000000000982033 255597.9062500000000000 9845305.7856701742857695 312047.0000000000000000
0.0000000001198782 211534.2812500000000000 8132904.0262451963499188 257791.1250000000000000
0.0000000001463371 175079.7187500000000000 6718411.3820904651656747 212969.9531250000000000
0.0000000001786358 144918.5468750000000000 5549991.8005695873871446 175942.7656250000000000
0.0000000002180633 119962.7343750000000000 4584828.4029938569292426 145354.1093750000000000
0.0000000002661931 99312.6406250000000000 3787556.9605037588626146 120084.2812500000000000
0.0000000003249459 82224.2421875000000000 3128965.5923086041584611 99208.3203125000000000
0.0000000003966662 68082.2812500000000000 2584927.4633056842721999 81962.1562500000000000
0.0000000004842163 56377.8828125000000000 2135512.6440185275860131 67714.5625000000000000
0.0000000005910899 46690.2187500000000000 1764260.3025094387121499 55944.1523437500000000
0.0000000007215521 38671.1562500000000000 1457572.1116976134944707 46220.1250000000000000
0.0000000008808093 32032.7773437500000000 1204217.5052137696184218 38186.6718750000000000
0.0000000010752169 26536.9042968750000000 994918.7905029845423996 31549.8261718750000000
0.0000000013125330 21986.5175781250000000 822012.8552153017371893 26066.7441406250000000
0.0000000016022283 18218.6171875000000000 679169.8775204890407622 21536.8281250000000000
0.0000000019558637 15098.3603515625000000 561161.0058619604678825 17794.3437500000000000
0.0000000023875515 12514.1777343750000000 463667.3109502414008602 14702.3906250000000000
0.0000000029145193 10373.7490234375000000 383120.9477221086854115 12147.8691406250000000
0.0000000035577965 8600.6835937500000000 316574.8856308350805193 10037.3398437500000000
0.0000000043430545 7131.7758789062500000 261594.6219086490455084 8293.6201171875000000
0.0000000053016304 5914.7065429687500000 216169.1340742386237253 6852.9409179687500000
0.0000000064717782 4906.1752929687500000 178637.1777885189803783 5662.6250000000000000
0.0000000079001947 4070.3493652343750000 147626.4553580566134769 4679.1508789062500000
0.0000000096438838 3377.5617675781250000 122003.2840385646413779 3866.5639648437500000
0.0000000117724307 2803.2543945312500000 100831.1780713375628693 3195.1633300781250000
0.0000000143707791 2327.0981445312500000 83336.4927852927357890 2640.4094238281250000
0.0000000175426213 1932.2590332031250000 68880.0948548293381464 2182.0288085937500000
0.0000000214145356 1604.7984619140625000 56933.9832211142929737 1803.2731933593750000
0.0000000261410384 1333.1739501953125000 47061.9707725621774443 1490.3059082031250000
0.0000000319107497 1107.8256835937500000 38903.6557158510331647 1231.6937255859375000
0.0000000389539212 920.8367309570312500 32161.3626734536992444 1017.9935913085937500
0.0000000475516241 765.6476440429687500 26589.0956413291169156 841.4006958007812500
0.0000000580469663 636.8251342773437500 21983.6344405491472571 695.4690551757812500
0.0000000708587849 529.8671875000000000 18177.0881542262832227 574.8718872070312500
0.0000000864983601 441.0434570312500000 15030.7239604807327851 475.2083740234375000
0.0000001055898194 367.2624816894531250 12429.9238800877574249 392.8422241210937500
0.0000001288950444 305.9620056152343750 10279.9891280796691717 324.7698669433593750
0.0000001573440750 255.0177612304687500 8502.6602225351325615 268.5083312988281250
0.0000001920722248 212.6692504882812500 7033.2851488431679172 222.0074310302734375
0.0000002344653876 177.4560699462890625 5818.4293084566525067 183.5721435546875000
0.0000002862153445 148.1675415039062500 4813.9438010867106641 151.8022003173828125
0.0000003493872775 123.7992858886718750 3983.3444292191711611 125.5409545898437500
0.0000004265021844 103.5182113647460938 3296.4802509862288389 103.8319702148437500
0.0000005206374847 86.6330871582031250 2728.4344672017550693 85.8855590820312500
0.0000006355498291 72.5702819824218750 2258.6149269606394228 71.0487976074218750
0.0000007758250169 60.8537445068359375 1870.0033181899987085 58.7825012207031250
0.0000009470610001 51.0882339477539062 1548.5324477610597569 48.6407051086425781
0.0000011560912814 42.9455871582031250 1282.5766111235236622 40.2552070617675781
0.0000014112576178 36.1532897949218750 1062.5253286927140834 33.3215103149414062
0.0000017227429148 30.4849243164062500 880.4353366301984352 27.5881919860839844
0.0000021029775945 25.7524642944335938 729.7400831460175823 22.8473339080810547
0.0000025671356563 21.7995433807373047 605.0104521762920058 18.9271850585937500
0.0000031337402239 18.4962348937988281 501.7586323547443499 15.6858339309692383
0.0000038254027466 15.7345275878906250 416.2742548733838817 13.0060205459594727
0.0000046697253533 13.4245367050170898 345.4889027828569965 10.7908639907836914
0.0000057004023679 11.4914970397949219 286.8657220160405359 8.9603509902954102
0.0000069585649471 9.8732366561889648 238.3068525707253684 7.4484000205993652
0.0000084944224983 8.5179224014282227 198.0772262574398894 6.2004556655883789
0.0000103692663829 7.3824625015258789 164.7420291978357625 5.1715126037597656
0.0000126579158667 6.4308791160583496 137.1142214492802509 4.3244256973266602
0.0000154517039269 5.6333031654357910 114.2121486150015386 3.6285867691040039
0.0000188621220713 4.9647865295410156 95.2234275147851861 3.0587217807769775
0.0000230252696218 4.4044137001037598 79.4762487336915768 2.5939905643463135
0.0000281072850208 3.9349648952484131 66.4145772511547818 2.2171118259429932
0.0000343109759068 3.5418758392333984 55.5783434133850633 1.9137105941772461
0.0000418839125446 3.2130410671234131 46.5866913236449776 1.6716592311859131
0.0000511283075948 2.9383795261383057 39.1243950814264281 1.4806219339370728
0.0000624130764940 2.7094626426696777 32.9306255292918237 1.3316721916198730
0.0000761885597370 2.5192432403564453 27.7893197622819805 1.2169945240020752
0.0000930044945848 2.3617591857910156 23.5214975016277315 1.1297820806503296
0.0001135319533908 2.2321901321411133 19.9789510051165777 1.0642179250717163
0.0001385901240393 2.1263461112976074 17.0387203921034107 1.0153373479843140
0.0001691790012203 2.0407776832580566 14.5989172887235306 0.9791051745414734
0.0002065192931480 1.9726133346557617 12.5747649225866525 0.9523295760154724
0.0002521011362799 1.9194082021713257 10.8958955473009809 0.9325256347656250
0.0003077435620898 1.8791654109954834 9.5034843031738667 0.9178411364555359
0.0003756670890312 1.8502116203308105 8.3486089753495740 0.9068458676338196
0.0004585823366143 1.8310754299163818 7.3902039944168099 0.8985271453857422
0.0005597981979123 1.8206677436828613 6.5936919144616617 0.8920931816101074
0.0006833538873292 1.8178678750991821 5.9301147128809477 0.8869584202766418
0.0008341801332506 1.8219567537307739 5.3751379818000844 0.8826877474784851
0.0010182959482819 1.8321928977966309 4.9081718929774238 0.8788659572601318
0.0012430488295695 1.8479484319686890 4.5118799116771529 0.8752066493034363
0.0015174079748635 1.8687857389450073 4.1718618213126488 0.8713816404342651
0.0018523222156741 1.8942724466323853 3.8759857658450336 0.8671008944511414
0.0022611569515367 1.9239531755447388 3.6140506703038064 0.8619636297225952
0.0027602275220903 1.9575806856155396 3.3776986989951334 0.8556841015815735
0.0033694503022122 1.9948159456253052 3.1598275994747769 0.8478975296020508
0.0041131375034186 2.0353937149047852 2.9546106572392916 0.8380380272865295
0.0050209673996145 2.0789883136749268 2.7571811483597033 0.8256921172142029
0.0061291686959257 2.1252861022949219 2.5633783561551513 0.8101207613945007
0.0074819663051388 2.1740665435791016 2.3699438606762095 0.7908456921577454
0.0091333462282486 2.2249009609222412 2.1742965038252557 0.7670509219169617
0.0111492099700809 2.2773630619049072 1.9746245958900130 0.7380113601684570
0.0136100044661055 2.3309841156005859 1.7697595193345954 0.7029998302459717
0.0166139324727479 2.3851637840270996 1.5604223742134347 0.6613121032714844
0.0202808715380246 2.4392569065093994 1.3485363610499330 0.6122813224792480
0.0247571579465934 2.4922494888305664 1.1392525188641707 0.5555736422538757
0.0302214265517837 2.5430660247802734 0.9408451611998885 0.4911324977874756
0.0368917395443824 2.5899057388305664 0.7677717401896607 0.4195387363433838
0.0450342886454584 2.6311058998107910 0.6397135837771032 0.3425236344337463
0.0549740180010374 2.6635332107543945 0.5747056988247180 0.2640331983566284
0.0671075917057515 2.6838924884796143 0.5689920040264862 0.1918868124485016
0.0819192234495369 2.6869478225708008 0.5924461718835012 0.1448197662830353
0.1000000000000000 2.6668267250061035 0.6098707900214513 0.1435622423887253
0.1001000000000000 2.6667132377624512 0.6097412548992139 0.1437849104404449
0.1071858267716457 2.6529483795166016 0.6096700993010070 0.1531142741441727
0.1142716535432913 2.6364321708679199 0.6056664899355186 0.1639516204595566
0.1213574803149370 2.6173641681671143 0.5982929555604597 0.1752824783325195
0.1284433070865827 2.5960748195648193 0.5879094800914458 0.1858741790056229
0.1355291338582283 2.5726542472839355 0.5749749117046211 0.1953968256711960
0.1426149606298740 2.5472505092620850 0.5599929658286567 0.2033471614122391
0.1497007874015197 2.5200660228729248 0.5433885124734718 0.2098838388919830
0.1567866141731654 2.4912834167480469 0.5256050462441596 0.2150927335023880
0.1638724409448110 2.4609243869781494 0.5067738037061259 0.2187764495611191
0.1709582677164567 2.4292948246002197 0.4871139524974557 0.2211348414421082
0.1780440944881024 2.3962769508361816 0.4672047701273384 0.2222826182842255
0.1851299212597480 2.3622064590454102 0.4470740924648086 0.2222000062465668
0.1922157480313937 2.3269107341766357 0.4270769842582878 0.2209418118000031
0.1993015748030394 2.2907865047454834 0.4072030966463436 0.2189079523086548
0.2063874015746850 2.2537441253662109 0.3877457513017761 0.2158481627702713
0.2134732283463307 2.2158858776092529 0.3688055354778181 0.2118901014328003
0.2205590551179764 2.1773090362548828 0.3506386078492591 0.2074353247880936
0.2276448818896221 2.1381280422210693 0.3330245648604557 0.2022233158349991
0.2347307086612677 2.0983378887176514 0.3164769882294565 0.1963247358798981
0.2418165354329134 2.0580863952636719 0.3006982217256500 0.1901946812868118
0.2489023622045591 2.0174517631530762 0.2860011508780558 0.1835260689258575
0.2559881889762047 1.9763479232788086 0.2724263501952655 0.1766767799854279
0.2630740157478504 1.9350602626800537 0.2598011581829887 0.1694808006286621
0.2701598425194961 1.8934111595153809 0.2485081591841867 0.1621097326278687
0.2772456692911417 1.8516223430633545 0.2382973283001870 0.1547715961933136
0.2843314960627874 1.8097487688064575 0.2292266150203882 0.1473285108804703
0.2914173228344331 1.7676808834075928 0.2214100512527636 0.1398574858903885
0.2985031496060788 1.7256882190704346 0.2146012705720170 0.1324817687273026
0.3055889763777244 1.6836143732070923 0.2089890422860326 0.1253148764371872
0.3126748031493701 1.6416176557540894 0.2043181278262745 0.1180424317717552
0.3197606299210158 1.5996811389923096 0.2005167171711879 0.1112663224339485
0.3268464566926614 1.5579254627227783 0.1975658252646361 0.1045322418212891
0.3339322834643071 1.5163248777389526 0.1954244223076821 0.0983437523245811
0.3410181102359528 1.4749968051910400 0.1937980935455192 0.0923702791333199
0.3481039370075985 1.4338012933731079 0.1926846574002023 0.0873669683933258
0.3551897637792442 1.3929594755172729 0.1919901364108570 0.0824702456593513
0.3622755905508898 1.3524141311645508 0.1915404283740691 0.0778874978423119
0.3693614173225355 1.3122158050537109 0.1913219686737848 0.0742585137486458
0.3764472440941812 1.2723581790924072 0.1913034505272924 0.0714617520570755
0.3835330708658268 1.2328505516052246 0.1911881046215068 0.0687113180756569
0.3906188976374725 1.1937923431396484 0.1911451255009691 0.0668559372425079
0.3977047244091181 1.1551855802536011 0.1909373969515671 0.0656833946704865
0.4047905511807638 1.1169991493225098 0.1906466891819402 0.0653139352798462
0.4118763779524095 1.0793117284774780 0.1902294743656744 0.0643449574708939
0.4189622047240552 1.0421867370605469 0.1897658348479083 0.0653297007083893
0.4260480314957009 1.0055532455444336 0.1889693451608408 0.0650611370801926
0.4331338582673465 0.9694969654083252 0.1880787700746028 0.0664293989539146
0.4402196850389922 0.9338677525520325 0.1868299465552549 0.0671019926667213
0.4473055118106379 0.8989376425743103 0.1855221389023625 0.0680169314146042
0.4543913385822835 0.8645249009132385 0.1838952813443046 0.0697305426001549
0.4614771653539292 0.8307053446769714 0.1821007966298037 0.0709976181387901
0.4685629921255748 0.7975541949272156 0.1801932768686203 0.0717431604862213
0.4756488188972205 0.7650246024131775 0.1780400221209956 0.0722107291221619
0.4827346456688662 0.7331051826477051 0.1757390498441856 0.0740252435207367
0.4898204724405119 0.7018106579780579 0.1731892187552379 0.0749942138791084
0.4969062992121576 0.6711564660072327 0.1705507741634853 0.0755755454301834
0.5039921259838032 0.6411451101303101 0.1676586500366928 0.0759073868393898
0.5110779527554489 0.6118702292442322 0.1647714655520781 0.0760913863778114
0.5181637795270946 0.5832286477088928 0.1617177811496368 0.0762715935707092
0.5252496062987402 0.5553063750267029 0.1585761546743134 0.0764848291873932
0.5323354330703859 0.5279700160026550 0.1552364316851079 0.0762567892670631
0.5394212598420315 0.5013450980186462 0.1518544783348845 0.0756956860423088
0.5465070866136772 0.4754522740840912 0.1484710941931068 0.0750974044203758
0.5535929133853229 0.4502783119678497 0.1450855436501066 0.0749860852956772
0.5606787401569685 0.4257077872753143 0.1415806930430702 0.0740120932459831
0.5677645669286142 0.4018367230892181 0.1379669591529365 0.0731940343976021
0.5748503937002599 0.3786841928958893 0.1344822877944611 0.0721434056758881
0.5819362204719055 0.3562134504318237 0.1310766846669467 0.0709004625678062
0.5890220472435512 0.3344471752643585 0.1276920144702173 0.0696134641766548
0.5961078740151969 0.3133173286914825 0.1243268508305256 0.0685798898339272
0.6031937007868425 0.2929151952266693 0.1211444762507860 0.0666657537221909
0.6102795275584882 0.2732265591621399 0.1181981876158399 0.0658539459109306
0.6173653543301338 0.2541993558406830 0.1153807117645034 0.0637510493397713
0.6244511811017796 0.2357357740402222 0.1127019699399331 0.0625319778919220
0.6315370078734253 0.2181149721145630 0.1104665938196343 0.0609274581074715
0.6386228346450709 0.2010277509689331 0.1084436357987498 0.0584775693714619
0.6457086614167166 0.1846734285354614 0.1066418384621191 0.0570096522569656
0.6527944881883623 0.1689579933881760 0.1053151990028240 0.0550789870321751
0.6598803149600079 0.1539093554019928 0.1042318816304582 0.0546897053718567
0.6669661417316536 0.1394701749086380 0.1035317185989837 0.0531285293400288
0.6740519685032993 0.1256571710109711 0.1032040635215540 0.0513770543038845
0.6811377952749449 0.1125519424676895 0.1031688405469690 0.0496729575097561
0.6882236220465906 0.0999551638960838 0.1034862007557099 0.0483073033392429
0.6953094488182362 0.0880662202835083 0.1039915774150905 0.0467697903513908
0.7023952755898819 0.0767860710620880 0.1047839495969482 0.0459741353988647
0.7094811023615276 0.0660356432199478 0.1057707032358682 0.0449048131704330
0.7165669291331732 0.0559069514274597 0.1068257355717849 0.0437865927815437
0.7236527559048189 0.0463981889188290 0.1079986005732672 0.0437074191868305
0.7307385826764646 0.0374010652303696 0.1092559948733379 0.0434408187866211
0.7378244094481102 0.0289892572909594 0.1104782915116941 0.0419254377484322
0.7449102362197559 0.0210886057466269 0.1117423569418734 0.0412839576601982
0.7519960629914016 0.0138123370707035 0.1128078022380958 0.0414642803370953
0.7590818897630472 0.0069168806076050 0.1139375945613063 0.0407332666218281
0.7661677165346930 0.0006740210228600 0.1147252603391012 0.0402482300996780
0.7732535433063387 -0.0050952965393662 0.1154278312839141 0.0396849326789379
0.7803393700779843 -0.0103662582114339 0.1158861085467085 0.0399123243987560
0.7874251968496300 -0.0152203198522329 0.1163441733918725 0.0400956273078918
0.7945110236212757 -0.0195476301014423 0.1163337265921599 0.0389646254479885
0.8015968503929213 -0.0233994256705046 0.1161710825131121 0.0390771813690662
0.8086826771645670 -0.0268638990819454 0.1158297507239169 0.0399442054331303
0.8157685039362126 -0.0298555195331573 0.1151308391809093 0.0390330366790295
0.8228543307078583 -0.0324205346405506 0.1141143602445358 0.0382925532758236
0.8299401574795040 -0.0345954187214375 0.1130081857633803 0.0390444211661816
0.8370259842511496 -0.0364238582551479 0.1115925522132629 0.0376420803368092
0.8441118110227953 -0.0377766601741314 0.1098044465622303 0.0375702902674675
0.8511976377944410 -0.0388629101216793 0.1080768918373691 0.0370613113045692
0.8582834645660866 -0.0395207144320011 0.1057167251113483 0.0354438163340092
0.8653692913377323 -0.0398134775459766 0.1029463982528564 0.0354503057897091
0.8724551181093780 -0.0398762375116348 0.1003806473802309 0.0341615341603756
0.8795409448810236 -0.0395762957632542 0.0973934835395649 0.0331513509154320
0.8866267716526693 -0.0389773696660995 0.0941336246008203 0.0335132740437984
0.8937125984243151 -0.0381432585418224 0.0906703181997017 0.0317533798515797
0.9007984251959607 -0.0369244329631329 0.0866571087176904 0.0315134003758430
0.9078842519676064 -0.0355799496173859 0.0827729666502015 0.0286621563136578
0.9149700787392521 -0.0338993072509766 0.0783659028876947 0.0260524917393923
0.9220559055108977 -0.0320265479385853 0.0738260618123478 0.0253651384264231
0.9291417322825434 -0.0299277734011412 0.0690586838289814 0.0225913524627686
0.9362275590541891 -0.0276390854269266 0.0642033435496633 0.0220377501100302
0.9433133858258347 -0.0251900218427181 0.0590518133518727 0.0204009618610144
0.9503992125974804 -0.0225307121872902 0.0537538557651672 0.0198540184646845
0.9574850393691260 -0.0196302533149719 0.0480473513775202 0.0163825657218695
0.9645708661407717 -0.0166571065783501 0.0424854829026778 0.0133383814245462
0.9716566929124174 -0.0134947644546628 0.0368620677667589 0.0129019515588880
0.9787425196840630 -0.0101782614365220 0.0315321718383460 0.0137693416327238
0.9858283464557087 -0.0068193408660591 0.0269175398959690 0.0092800436541438
0.9929141732273544 -0.0033683422952890 0.0228087463849355 0.0085072647780180
0.9999999999990000 -0.0000118391271826 0.0023148280508728 0.0089294705539942
