0.0000000000010000 66114240.0000000000000000 1264209718.6536839008331299 25271178.0000000000000000
0.0000000000012207 54897544.0000000000000000 1045941468.7293041944503784 21091718.0000000000000000
0.0000000000014901 45587728.0000000000000000 865400665.2905306816101074 17604780.0000000000000000
0.0000000000018190 37860016.0000000000000000 716059354.8313578367233276 14695392.0000000000000000
0.0000000000022205 31445070.0000000000000000 592520428.0138612985610962 12267714.0000000000000000
0.0000000000027106 26119460.0000000000000000 490321042.0261645913124084 10241832.0000000000000000
0.0000000000033089 21697848.0000000000000000 405771062.8334971070289612 8551121.0000000000000000
0.0000000000040392 18026488.0000000000000000 335819174.7118809819221497 7140026.0000000000000000
0.0000000000049308 14977824.0000000000000000 277942066.4885361790657043 5962217.0000000000000000
0.0000000000060190 12446021.0000000000000000 230053001.3845906555652618 4979053.0000000000000000
0.0000000000073475 10343271.0000000000000000 190426310.4823361039161682 4158309.2500000000000000
0.0000000000089692 8596704.0000000000000000 157634701.1104873418807983 3473102.2500000000000000
0.0000000000109489 7145856.5000000000000000 130497796.6726498007774353 2901010.5000000000000000
0.0000000000133655 5940543.0000000000000000 108039239.7616011649370193 2423325.0000000000000000
0.0000000000163154 4939114.0000000000000000 89451456.7638056576251984 2024440.2500000000000000
0.0000000000199165 4106998.7500000000000000 74066440.8001796752214432 1691333.2500000000000000
0.0000000000243123 3415500.2500000000000000 61331594.4679410979151726 1413137.0000000000000000
0.0000000000296784 2840796.2500000000000000 50789790.9778454825282097 1180783.8750000000000000
0.0000000000362289 2363107.5000000000000000 42062833.9794892743229866 986705.5000000000000000
0.0000000000442251 1966014.1250000000000000 34837846.3131765872240067 824586.3125000000000000
0.0000000000539863 1635879.6250000000000000 28855949.9602745361626148 689153.8750000000000000
0.0000000000659019 1361381.6250000000000000 23902946.6760539785027504 576007.3125000000000000
0.0000000000804474 1133115.6250000000000000 19801596.8653163760900497 481473.0937500000000000
0.0000000000982033 943271.8125000000000000 16405233.6732499301433563 402483.9062500000000000
0.0000000001198782 785362.4375000000000000 13592483.1249492764472961 336478.6875000000000000
0.0000000001463371 653998.2500000000000000 11262899.1094279196113348 281319.5937500000000000
0.0000000001786358 544702.0000000000000000 9333346.2074652425944805 235221.1093750000000000
0.0000000002180633 453753.5937500000000000 7735014.9938009260222316 196692.1250000000000000
0.0000000002661931 378061.8437500000000000 6410950.9942447636276484 164487.4531250000000000
0.0000000003249459 315058.0937500000000000 5314007.0625486290082335 137567.0468750000000000
0.0000000003966662 262607.1562500000000000 4405154.8262364100664854 115062.1953125000000000
0.0000000004842163 218934.5000000000000000 3652082.2261811839416623 96247.3125000000000000
0.0000000005910899 182564.9218750000000000 3028037.9377217656001449 80516.1718750000000000
0.0000000007215521 152271.9062500000000000 2510871.6109946505166590 67362.3828125000000000
0.0000000008808093 127035.7031250000000000 2082242.3642478573601693 56362.8242187500000000
0.0000000010752169 106008.2578125000000000 1726962.2063619736582041 47164.0039062500000000
0.0000000013125330 88484.2656250000000000 1432452.9854477862827480 39470.4843750000000000
0.0000000016022283 73877.1093750000000000 1188297.6451542775612324 33035.4375000000000000
0.0000000019558637 61698.7421875000000000 985868.1162566787097603 27652.5605468750000000
0.0000000023875515 51543.1562500000000000 818017.5175876265857369 23149.4394531250000000
0.0000000029145193 43072.4531250000000000 678825.3913383703911677 19381.9511718750000000
0.0000000035577965 36005.4570312500000000 563387.1847561827162281 16229.6582031250000000
0.0000000043430545 30108.1289062500000000 467639.2748756594955921 13591.8574218750000000
0.0000000053016304 25185.6367187500000000 388214.7240035213180818 11384.3691406250000000
0.0000000064717782 21075.7539062500000000 322323.4882494829944335 9536.8203125000000000
0.0000000079001947 17643.4042968750000000 267653.5964809239958413 7990.3647460937500000
0.0000000096438838 14776.0644531250000000 222288.7693732574698515 6695.7929687500000000
0.0000000117724307 12380.0195312500000000 184640.8572332719049882 5611.9721679687500000
0.0000000143707791 10377.1845703125000000 153393.3430978441610932 4704.4858398437500000
0.0000000175426213 8702.4873046875000000 127454.8644890931464033 3944.5588378906250000
0.0000000214145356 7301.6909179687500000 105920.6267513571947347 3308.1218261718750000
0.0000000261410384 6129.5859375000000000 88040.4272661220165901 2775.0419921875000000
0.0000000319107497 5148.4741210937500000 73192.1615538516634842 2328.4746093750000000
0.0000000389539212 4326.9169921875000000 60859.9802664769958938 1954.3303222656250000
0.0000000475516241 3638.6884765625000000 50615.9962902014085557 1640.8209228515625000
0.0000000580469663 3061.9079589843750000 42105.3116777208124404 1378.0819091796875000
0.0000000708587849 2578.3132324218750000 35033.5264507581232465 1157.8576660156250000
0.0000000864983601 2172.6623535156250000 29156.3912381133814051 973.2423095703125000
0.0000001055898194 1832.2268066406250000 24271.2488126740463485 818.4512939453125000
0.0000001288950444 1546.3778076171875000 20209.9399615962647658 688.6463623046875000
0.0000001573440750 1306.2341308593750000 16832.8912046631376143 579.7760620117187500
0.0000001920722248 1104.3758544921875000 14024.2750123173955217 488.4485473632812500
0.0000002344653876 934.5996093750000000 11687.9259515803223621 411.8232421875000000
0.0000002862153445 791.7189941406250000 9744.0194465699187276 347.5222167968750000
0.0000003493872775 671.3958740234375000 8126.2702527468291009 293.5535888671875000
0.0000004265021844 570.0005493164062500 6779.6350433126099233 248.2486419677734375
0.0000005206374847 484.4949340820312500 5658.4000621339164354 210.2095947265625000
0.0000006355498291 412.3356323242187500 4724.5917724323180664 178.2649993896484375
0.0000007758250169 351.3918762207031250 3946.6650014714386998 151.4332275390625000
0.0000009470610001 299.8785400390625000 3298.4086761081439363 128.8909759521484375
0.0000011560912814 256.2990112304687500 2758.0411348941838696 109.9481277465820312
0.0000014112576178 219.3983001708984375 2307.4586856871333111 94.0255355834960938
0.0000017227429148 188.1235809326171875 1931.6133624425929156 80.6372146606445312
0.0000021029775945 161.5909881591796875 1617.9928887111093445 69.3750839233398438
0.0000025671356563 139.0582885742187500 1356.1927122731087820 59.8963775634765625
0.0000031337402239 119.9018936157226562 1137.5598347875293257 51.9129219055175781
0.0000038254027466 103.5976791381835938 954.8960880859139024 45.1824722290039062
0.0000046697253533 89.7044982910156250 802.2114879258551809 39.5012550354003906
0.0000057004023679 77.8515625000000000 674.5223081403167953 34.6979179382324219
0.0000069585649471 67.7262573242187500 567.6794320368539957 30.6283397674560547
0.0000084944224983 59.0653572082519531 478.2286691314793075 27.1714458465576172
0.0000103692663829 51.6468505859375000 403.2933825431861123 24.2256717681884766
0.0000126579158667 45.2834854125976562 340.4776185130945123 21.7059249877929688
0.0000154517039269 39.8172492980957031 287.7847501847879244 19.5411643981933594
0.0000188621220713 35.1143684387207031 243.5508802643329602 17.6721534729003906
0.0000230252696218 31.0619850158691406 206.3887746057552306 16.0497245788574219
0.0000281072850208 27.5645313262939453 175.1417724726031508 14.6331443786621094
0.0000343109759068 24.5410919189453125 148.8447840539458866 13.3888082504272461
0.0000418839125446 21.9229526519775391 126.6923119634596588 12.2890224456787109
0.0000511283075948 19.6518821716308594 108.0121185648383459 11.3110017776489258
0.0000624130764940 17.6786346435546875 92.2429060583216653 10.4360408782958984
0.0000761885597370 15.9610157012939453 78.9153338582771227 9.6487646102905273
0.0000930044945848 14.4633417129516602 67.6371087709308512 8.9365377426147461
0.0001135319533908 13.1550559997558594 58.0805111847895503 8.2889232635498047
0.0001385901240393 12.0103521347045898 49.9709271800347494 7.6972961425781250
0.0001691790012203 11.0069255828857422 43.0788364905765775 7.1545095443725586
0.0002065192931480 10.1258592605590820 37.2115720353674604 6.6545591354370117
0.0002521011362799 9.3509416580200195 32.2079505757231743 6.1924324035644531
0.0003077435620898 8.6681489944458008 27.9329258534356519 5.7638716697692871
0.0003756670890312 8.0656423568725586 24.2727485338100486 5.3652524948120117
0.0004585823366143 7.5332183837890625 21.1323483024943748 4.9934659004211426
0.0005597981979123 7.0618224143981934 18.4317050845045145 4.6458034515380859
0.0006833538873292 6.6439962387084961 16.1036581196474664 4.3199176788330078
0.0008341801332506 6.2731180191040039 14.0918604650472279 4.0137300491333008
0.0010182959482819 5.9433846473693848 12.3486801357339910 3.7254054546356201
0.0012430488295695 5.6499013900756836 10.8343340070784855 3.4532921314239502
0.0015174079748635 5.3883476257324219 9.5152070158024813 3.1959149837493896
0.0018523222156741 5.1548328399658203 8.3630404618829850 2.9519355297088623
0.0022611569515367 4.9460644721984863 7.3542137140712898 2.7201356887817383
0.0027602275220903 4.7592811584472656 6.4685853871278747 2.4994010925292969
0.0033694503022122 4.5915288925170898 5.6892794658749528 2.2887227535247803
0.0041131375034186 4.4408025741577148 5.0017526179054093 2.0871767997741699
0.0050209673996145 4.3046135902404785 4.3940777373355537 1.8939303159713745
0.0061291686959257 4.1813697814941406 3.8553268938345080 1.7082310914993286
0.0074819663051388 4.0688214302062988 3.3766850882084509 1.5294343233108521
0.0091333462282486 3.9655663967132568 2.9497735727162948 1.3569848537445068
0.0111492099700809 3.8694953918457031 2.5682182168436944 1.1904667615890503
0.0136100044661055 3.7794821262359619 2.2246351171990635 1.0296010971069336
0.0166139324727479 3.6929688453674316 1.9158875198288836 0.8743062615394592
0.0202808715380246 3.6089930534362793 1.6354821539292101 0.7247317433357239
0.0247571579465934 3.5245723724365234 1.3844309936654413 0.5814113616943359
0.0302214265517837 3.4388618469238281 1.1591306838902427 0.4453794658184052
0.0368917395443824 3.3480341434478760 0.9676854141793791 0.3187661468982697
0.0450342886454584 3.2511000633239746 0.8122513631396104 0.2063735872507095
0.0549740180010374 3.1430463790893555 0.7085112670163957 0.1237779408693314
0.0671075917057515 3.0230853557586670 0.6588466056776222 0.1126646101474762
0.0819192234495369 2.8848221302032471 0.6557154162350299 0.1626225709915161
0.1000000000000000 2.7269890308380127 0.6813024988351779 0.2179457098245621
0.1001000000000000 2.7260937690734863 0.6813012815132646 0.2181846946477890
0.1071858267716457 2.6661689281463623 0.6901605873539440 0.2341741770505905
0.1142716535432913 2.6072583198547363 0.6971484439947362 0.2471829652786255
0.1213574803149370 2.5493881702423096 0.7026352287106490 0.2574823200702667
0.1284433070865827 2.4925177097320557 0.7060092846561929 0.2653401196002960
0.1355291338582283 2.4365420341491699 0.7068924115001957 0.2710499465465546
0.1426149606298740 2.3813197612762451 0.7055227595504679 0.2748214006423950
0.1497007874015197 2.3269290924072266 0.7020103991023460 0.2768771350383759
0.1567866141731654 2.2732827663421631 0.6964165517265782 0.2774377167224884
0.1638724409448110 2.2204780578613281 0.6888009051119568 0.2766491174697876
0.1709582677164567 2.1683926582336426 0.6797334190311117 0.2746945917606354
0.1780440944881024 2.1170866489410400 0.6688793487310702 0.2716918289661407
0.1851299212597480 2.0665469169616699 0.6569280016691162 0.2677837908267975
0.1922157480313937 2.0167913436889648 0.6437915794668810 0.2630667090415955
0.1993015748030394 1.9676787853240967 0.6295600949711119 0.2576549351215363
0.2063874015746850 1.9193984270095825 0.6144681113475450 0.2516454458236694
0.2134732283463307 1.8718091249465942 0.5988883538406305 0.2450896054506302
0.2205590551179764 1.8250371217727661 0.5827892070127909 0.2381354868412018
0.2276448818896221 1.7789217233657837 0.5663223717278335 0.2307833284139633
0.2347307086612677 1.7335957288742065 0.5497490654248387 0.2231239527463913
0.2418165354329134 1.6890274286270142 0.5331113553543847 0.2152224332094193
0.2489023622045591 1.6452172994613647 0.5162976681485114 0.2071181833744049
0.2559881889762047 1.6020457744598389 0.4997434953032183 0.1988615244626999
0.2630740157478504 1.5597717761993408 0.4833074364135153 0.1905176490545273
0.2701598425194961 1.5181493759155273 0.4672297924145072 0.1820839643478394
0.2772456692911417 1.4773575067520142 0.4513213048579935 0.1736249625682831
0.2843314960627874 1.4371969699859619 0.4360057049482170 0.1651875674724579
0.2914173228344331 1.3978902101516724 0.4208723562366354 0.1568227261304855
0.2985031496060788 1.3592971563339233 0.4060426315086522 0.1485049724578857
0.3055889763777244 1.3214467763900757 0.3919886908150163 0.1402872204780579
0.3126748031493701 1.2843160629272461 0.3781305815145046 0.1322093904018402
0.3197606299210158 1.2479360103607178 0.3645888647537137 0.1242641210556030
0.3268464566926614 1.2123203277587891 0.3513123723655807 0.1165263801813126
0.3339322834643071 1.1774257421493530 0.3384393696814632 0.1090330332517624
0.3410181102359528 1.1432633399963379 0.3255337821197876 0.1017393320798874
0.3481039370075985 1.1098420619964600 0.3130367265673231 0.0946704000234604
0.3551897637792442 1.0771056413650513 0.3006388345124811 0.0878889486193657
0.3622755905508898 1.0451287031173706 0.2885445598642037 0.0814916193485260
0.3693614173225355 1.0136852264404297 0.2772635197190224 0.0754242613911629
0.3764472440941812 0.9831851720809937 0.2656564509018239 0.0696969032287598
0.3835330708658268 0.9532818198204041 0.2542355943008610 0.0644697472453117
0.3906188976374725 0.9240230917930603 0.2431863811362023 0.0596420988440514
0.3977047244091181 0.8955035805702209 0.2326042723191762 0.0553767569363117
0.4047905511807638 0.8675894737243652 0.2221082652217659 0.0516255795955658
0.4118763779524095 0.8403671383857727 0.2119662269103066 0.0484675802290440
0.4189622047240552 0.8137850165367126 0.2026854557789023 0.0459842681884766
0.4260480314957009 0.7879673242568970 0.1936813047352757 0.0441798418760300
0.4331338582673465 0.7626448273658752 0.1858527521087787 0.0429187901318073
0.4402196850389922 0.7379570603370667 0.1786340968157871 0.0423881895840168
0.4473055118106379 0.7139128446578979 0.1722937628081728 0.0423470288515091
0.4543913385822835 0.6905066967010498 0.1670507943574946 0.0428487062454224
0.4614771653539292 0.6676219701766968 0.1632993983323736 0.0437349639832973
0.4685629921255748 0.6453818082809448 0.1606727458225782 0.0446932949125767
0.4756488188972205 0.6235920190811157 0.1591516030237018 0.0463358946144581
0.4827346456688662 0.6024911403656006 0.1590132709212604 0.0477742291986942
0.4898204724405119 0.5818912386894226 0.1600391333075698 0.0493602380156517
0.4969062992121576 0.5618475079536438 0.1620537359970121 0.0509891249239445
0.5039921259838032 0.5422817468643188 0.1649180120141800 0.0526014529168606
0.5110779527554489 0.5231978893280029 0.1685234730543229 0.0542153976857662
0.5181637795270946 0.5047801136970520 0.1730674851718661 0.0557051599025726
0.5252496062987402 0.4866246581077576 0.1774134813598089 0.0571418181061745
0.5323354330703859 0.4691141545772552 0.1826180145123503 0.0584768876433372
0.5394212598420315 0.4519606530666351 0.1877142760299382 0.0597209446132183
0.5465070866136772 0.4353582859039307 0.1928080927847904 0.0608065836131573
0.5535929133853229 0.4192084372043610 0.1974910029642270 0.0617543272674084
0.5606787401569685 0.4034561812877655 0.2024049635686243 0.0626986846327782
0.5677645669286142 0.3881322145462036 0.2066297343974513 0.0633583143353462
0.5748503937002599 0.3731093704700470 0.2101193347735499 0.0638907998800278
0.5819362204719055 0.3586900830268860 0.2137066967443525 0.0642943009734154
0.5890220472435512 0.3444590568542480 0.2162888501347720 0.0647138208150864
0.5961078740151969 0.3307031393051147 0.2189217199688649 0.0649097636342049
0.6031937007868425 0.3173527717590332 0.2207205776994762 0.0649515688419342
0.6102795275584882 0.3043317794799805 0.2215053929289346 0.0648984834551811
0.6173653543301338 0.2916365265846252 0.2221065681181571 0.0647345110774040
0.6244511811017796 0.2793714106082916 0.2218063284612753 0.0643834918737411
0.6315370078734253 0.2673739492893219 0.2212077100561664 0.0640147775411606
0.6386228346450709 0.2556311786174774 0.2192570863273184 0.0634614527225494
0.6457086614167166 0.2443455755710602 0.2173592632287717 0.0628098323941231
0.6527944881883623 0.2333545386791229 0.2146998155093004 0.0621786937117577
0.6598803149600079 0.2226242125034332 0.2114579560290266 0.0612929426133633
0.6669661417316536 0.2121540904045105 0.2075265265059976 0.0604299418628216
0.6740519685032993 0.2020989060401917 0.2031835334737728 0.0594279356300831
0.6811377952749449 0.1922377496957779 0.1978494062385392 0.0584199503064156
0.6882236220465906 0.1827457547187805 0.1928465447630467 0.0571191571652889
0.6953094488182362 0.1734366267919540 0.1865902727804429 0.0560669451951981
0.7023952755898819 0.1644572764635086 0.1802306195520582 0.0547831207513809
0.7094811023615276 0.1557298302650452 0.1741640638936458 0.0533734150230885
0.7165669291331732 0.1471740454435349 0.1674662587408577 0.0520732775330544
0.7236527559048189 0.1389741301536560 0.1603818955890998 0.0506173148751259
0.7307385826764646 0.1310044229030609 0.1533636779579908 0.0491098985075951
0.7378244094481102 0.1232529431581497 0.1468511157648051 0.0476604290306568
0.7449102362197559 0.1158176809549332 0.1401319554633106 0.0461367592215538
0.7519960629914016 0.1086549684405327 0.1340123574369432 0.0445806346833706
0.7590818897630472 0.1016139090061188 0.1283515001158484 0.0429973192512989
0.7661677165346930 0.0948490127921104 0.1233755211247889 0.0413793288171291
0.7732535433063387 0.0883780121803284 0.1194384187545028 0.0397973284125328
0.7803393700779843 0.0821282863616943 0.1162857720500319 0.0382084846496582
0.7874251968496300 0.0761773958802223 0.1143528738650335 0.0365506969392300
0.7945110236212757 0.0702765807509422 0.1137295485627305 0.0348627939820290
0.8015968503929213 0.0648261606693268 0.1137211598201984 0.0332477912306786
0.8086826771645670 0.0595512948930264 0.1148016574329849 0.0317707955837250
0.8157685039362126 0.0544036626815796 0.1170838049510807 0.0302768237888813
0.8228543307078583 0.0496607497334480 0.1192717553906166 0.0286386720836163
0.8299401574795040 0.0451063849031925 0.1222268633445372 0.0271253064274788
0.8370259842511496 0.0407961308956146 0.1246408210018981 0.0257857181131840
0.8441118110227953 0.0366299115121365 0.1273894658371560 0.0242123454809189
0.8511976377944410 0.0327665358781815 0.1304855492765621 0.0227864049375057
0.8582834645660866 0.0291922781616449 0.1319605380369681 0.0214516241103411
0.8653692913377323 0.0258607678115368 0.1336933270957438 0.0200616419315338
0.8724551181093780 0.0227514784783125 0.1336411079821133 0.0186666920781136
0.8795409448810236 0.0198693536221981 0.1336825910138788 0.0174749325960875
0.8866267716526693 0.0171677358448505 0.1323920853635152 0.0162313431501389
0.8937125984243151 0.0147562325000763 0.1299881242761566 0.0150819318369031
0.9007984251959607 0.0124989133328199 0.1268560118560833 0.0136057715862989
0.9078842519676064 0.0105194719508290 0.1223093077237510 0.0127617670223117
0.9149700787392521 0.0086822640150785 0.1170844637589193 0.0114000085741282
0.9220559055108977 0.0070944614708424 0.1109033725672441 0.0104207219555974
0.9291417322825434 0.0057380669750273 0.1036557092771585 0.0088469777256250
0.9362275590541891 0.0044811377301812 0.0951744029700982 0.0083454838022590
0.9433133858258347 0.0034119051415473 0.0868044641765319 0.0075486083514988
0.9503992125974804 0.0024668346159160 0.0775648045698083 0.0061080898158252
0.9574850393691260 0.0017894406337291 0.0677945921130191 0.0056352363899350
0.9645708661407717 0.0012021276634187 0.0572172739020727 0.0041406452655792
0.9716566929124174 0.0007588469306938 0.0463686543661625 0.0036711841821671
0.9787425196840630 0.0004283320740797 0.0357131654526209 0.0025458221789449
0.9858283464557087 0.0002287149400217 0.0242720171244245 nan
0.9929141732273544 0.0002185793709941 0.0131897647305044 nan
0.9999999999990000 0.0000469525111839 0.0028860733050090 0.0030874484218657
