0.000000000000000000e+00
1.442568055219803080e-01
2.885136110439606161e-01
4.327704165659409519e-01
5.770272220879212322e-01
7.212840276099015124e-01
8.655408331318819037e-01
1.009797638653862073e+00
1.154054444175842464e+00
1.298311249697822856e+00
1.442568055219803025e+00
1.586824860741783416e+00
1.731081666263763807e+00
1.875338471785743977e+00
2.019595277307724146e+00
2.163852082829704759e+00
2.308108888351684929e+00
2.452365693873665098e+00
2.596622499395645711e+00
2.740879304917625880e+00
2.885136110439606050e+00
3.029392915961586663e+00
3.173649721483566832e+00
3.317906527005547002e+00
3.462163332527527615e+00
3.606420138049507784e+00
3.750676943571487953e+00
3.894933749093468123e+00
4.039190554615448292e+00
4.183447360137429349e+00
4.327704165659409519e+00
4.471960971181389688e+00
4.616217776703369857e+00
4.760474582225350026e+00
4.904731387747330196e+00
5.048988193269310365e+00
5.193244998791291422e+00
5.337501804313271592e+00
5.481758609835251761e+00
5.626015415357231930e+00
5.770272220879212099e+00
5.914529026401192269e+00
6.058785831923173326e+00
6.203042637445153495e+00
6.347299442967133665e+00
6.491556248489113834e+00
6.635813054011094003e+00
6.780069859533074172e+00
6.924326665055055230e+00
7.068583470577034511e+00
