0.000000000000000000e+00
1.000000000000000021e-08
1.138810893729999988e-08
1.296890251669999956e-08
1.476912746570000039e-08
1.681924324880000135e-08
1.915393743599999930e-08
2.181271260990000119e-08
2.484055474189999936e-08
2.828869434629999836e-08
3.221547329079999923e-08
3.668733193020000134e-08
4.177993326389999956e-08
4.757944314010000156e-08
5.418398816539999802e-08
6.170531598839999343e-08
7.027068604839999883e-08
8.002502278160000013e-08
9.113336771449999896e-08
1.037836719350000013e-07
1.181899761909999942e-07
1.345960324159999892e-07
1.532794279669999898e-07
1.745562823530000100e-07
1.987865959130000106e-07
2.263803409520000051e-07
2.578043984019999951e-07
2.935904573510000116e-07
3.343440111260000217e-07
3.807546021219999911e-07
4.336074887340000231e-07
4.937969317710000132e-07
5.623413251899999527e-07
6.404004271200000089e-07
7.292949827510000120e-07
8.305290710980000490e-07
9.458155537230000038e-07
1.077105056040000020e-06
1.226618971500000089e-06
1.396887047199999982e-06
1.590790186660000084e-06
1.811609194199999985e-06
2.063080285530000106e-06
2.349458303799999915e-06
2.675588710720000211e-06
3.046989570899999900e-06
3.469944916419999910e-06
3.951611071450000255e-06
4.500137735940000422e-06
5.124805876960000221e-06
5.836184760919999655e-06
6.646310783539999647e-06
7.568891123389999968e-06
8.619535664750000245e-06
9.816021113889999912e-06
1.117859177760000016e-05
1.273030209279999919e-05
1.449740670369999963e-05
1.650980468499999983e-05
1.880154542859999869e-05
2.141140475299999860e-05
2.438354098269999924e-05
2.776824209870000029e-05
3.162277660169999735e-05
3.601236248389999930e-05
4.101127070549999908e-05
4.670408184500000074e-05
5.318711718660000054e-05
6.057006845809999925e-05
6.897785379390000075e-05
7.855273132639999480e-05
8.945670616649999585e-05
1.018742714990000065e-04
1.160155301740000046e-04
1.321197496040000066e-04
1.504594101249999915e-04
1.713448153139999932e-04
1.951293422639999869e-04
2.222154206559999955e-04
2.530613417969999998e-04
2.881890128189999864e-04
3.281927872510000035e-04
3.737495213639999755e-04
4.256300264550000041e-04
4.847121108239999779e-04
5.519954321280000527e-04
6.286184113950000476e-04
7.158774948939999839e-04
8.152490897599999837e-04
9.284145445190000040e-04
1.057288597189999903e-03
1.204051772300000029e-03
1.371187274899999956e-03
1.561523005999999967e-03
1.778279410040000015e-03
2.025123964240000112e-03
2.306233231629999884e-03
2.626363527650000130e-03
2.990931396179999889e-03
3.406105256360000052e-03
3.878909771120000148e-03
4.417344703140000349e-03
5.030520269280000338e-03
5.728811283779999819e-03
6.524032698070000164e-03
7.429639507589999581e-03
8.460954407709999139e-03
9.635427050830000159e-03
1.097292929119999920e-02
1.249609141289999975e-02
1.423068503000000061e-02
1.620605913739999945e-02
1.845563669009999894e-02
2.101748011329999943e-02
2.393493531170000008e-02
2.725736507369999964e-02
3.104098428019999925e-02
3.534981105030000209e-02
4.025674991529999691e-02
4.584482534960000050e-02
5.220858652910000119e-02
5.945570708540000304e-02
6.770880692319999894e-02
7.710752692540000230e-02
8.781089165100000593e-02
1.000000000000000056e-01
1.072000000000000036e-01
1.144000000000000017e-01
1.215999999999999998e-01
1.287999999999999978e-01
1.360000000000000098e-01
1.431999999999999940e-01
1.504000000000000059e-01
1.575999999999999901e-01
1.648000000000000020e-01
1.719999999999999862e-01
1.791999999999999982e-01
1.864000000000000101e-01
1.935999999999999943e-01
2.008000000000000063e-01
2.079999999999999905e-01
2.152000000000000024e-01
2.223999999999999866e-01
2.295999999999999985e-01
2.368000000000000105e-01
2.439999999999999947e-01
2.511999999999999789e-01
2.584000000000000186e-01
2.656000000000000028e-01
2.727999999999999869e-01
2.800000000000000266e-01
2.872000000000000108e-01
2.943999999999999950e-01
3.015999999999999792e-01
3.088000000000000189e-01
3.160000000000000031e-01
3.231999999999999873e-01
3.304000000000000270e-01
3.376000000000000112e-01
3.447999999999999954e-01
3.519999999999999796e-01
3.592000000000000193e-01
3.664000000000000035e-01
3.735999999999999877e-01
3.808000000000000274e-01
3.880000000000000115e-01
3.951999999999999957e-01
4.023999999999999799e-01
4.096000000000000196e-01
4.168000000000000038e-01
4.239999999999999880e-01
4.312000000000000277e-01
4.384000000000000119e-01
4.455999999999999961e-01
4.527999999999999803e-01
4.600000000000000200e-01
4.672000000000000042e-01
4.743999999999999884e-01
4.815999999999999726e-01
4.888000000000000123e-01
4.959999999999999964e-01
5.031999999999999806e-01
5.103999999999999648e-01
5.175999999999999490e-01
5.248000000000000442e-01
5.320000000000000284e-01
5.392000000000000126e-01
5.463999999999999968e-01
5.535999999999999810e-01
5.607999999999999652e-01
5.679999999999999494e-01
5.752000000000000446e-01
5.824000000000000288e-01
5.896000000000000130e-01
5.967999999999999972e-01
6.039999999999999813e-01
6.111999999999999655e-01
6.183999999999999497e-01
6.256000000000000449e-01
6.328000000000000291e-01
6.400000000000000133e-01
6.471999999999999975e-01
6.543999999999999817e-01
6.615999999999999659e-01
6.687999999999999501e-01
6.760000000000000453e-01
6.832000000000000295e-01
6.904000000000000137e-01
6.975999999999999979e-01
7.047999999999999821e-01
7.119999999999999662e-01
7.191999999999999504e-01
7.264000000000000457e-01
7.336000000000000298e-01
7.408000000000000140e-01
7.479999999999999982e-01
7.551999999999999824e-01
7.623999999999999666e-01
7.695999999999999508e-01
7.768000000000000460e-01
7.840000000000000302e-01
7.912000000000000144e-01
7.983999999999999986e-01
8.055999999999999828e-01
8.127999999999999670e-01
8.199999999999999512e-01
8.272000000000000464e-01
8.344000000000000306e-01
8.416000000000000147e-01
8.487999999999999989e-01
8.559999999999999831e-01
8.631999999999999673e-01
8.703999999999999515e-01
8.776000000000000467e-01
8.848000000000000309e-01
8.920000000000000151e-01
8.991999999999999993e-01
9.063999999999999835e-01
9.135999999999999677e-01
9.207999999999999519e-01
9.280000000000000471e-01
9.352000000000000313e-01
9.424000000000000155e-01
9.495999999999999996e-01
9.567999999999999838e-01
9.639999999999999680e-01
9.711999999999999522e-01
9.784000000000000474e-01
9.856000000000000316e-01
9.928000000000000158e-01
1.000000000000000000e+00
